it	post	prior	lik	mu	sig
0	-36.6293353481	-6.86996683453	-29.7593685136	104.88492809663792	10
100	-35.417472936	-6.87655173714	-28.5409211989	103.50029611956784	11.972275546075238
200	-35.5730379024	-6.88916264254	-28.6838752598	95.81624075680871	17.37718195760162
300	-36.6331263681	-6.89731559844	-29.7358107697	102.41711263331219	23.603010523719533
400	-36.3378047812	-6.89463616654	-29.4431686146	94.11446107972951	21.104277240535716
500	-35.8978513799	-6.87687108145	-29.0209802984	93.87071986461473	12.078570985660052
600	-35.7188235471	-6.8919961009	-28.8268274462	98.50841933540516	19.13338953928701
700	-38.0147360745	-6.88825064474	-31.1264854298	84.94125383401492	16.871760244948433
800	-35.6997313034	-6.89078853799	-28.8089427654	103.4473443393416	18.3469365158447
900	-36.0392842061	-6.89106091003	-29.1482232961	93.13612904638019	18.519000839764836
1000	-36.9457185957	-6.8939821847	-30.051736411	110.56637113700914	20.578684081268047
1100	-38.3667152098	-6.89952683568	-31.4671883742	115.42859791025079	26.27215702947955
1200	-36.9213092757	-6.8986910288	-30.0226182469	101.44957797826589	25.17791495893077
1300	-35.6142356428	-6.89126344492	-28.7229721979	99.97408177799774	18.64889432453377
1400	-35.311522971	-6.87497361497	-28.436549356	97.46998206969742	11.462964089421183
1500	-35.6108616529	-6.87107045679	-28.7397911961	101.0333276109978	10.304587573858608
1600	-35.113635937	-6.87592255175	-28.2377133853	99.42789430196834	11.766097152642029
1700	-35.2696016994	-6.88660473338	-28.382996966	102.2150490861214	16.01963650821825
1800	-36.7297724388	-6.89311039319	-29.8366620456	109.73723191826683	19.918420709903923
1900	-35.26252638	-6.88028735163	-28.3822390283	103.51400679557969	13.292553780160613
2000	-35.6912100105	-6.89186996659	-28.7993400439	100.37570368556067	19.048288180100933
2100	-37.4504539843	-6.89974153518	-30.5507124491	107.11691185921025	26.5736990059658
2200	-36.9244348238	-6.89874305179	-30.025691772	100.79414010308024	25.242638599329137
2300	-37.1015268625	-6.89764078941	-30.2038860731	108.27954785084631	23.953596738768677
2400	-38.0370440544	-6.90179909814	-31.1352449562	92.83572903620838	30.0463569013895
2500	-38.3678254769	-6.90301925868	-31.4648062182	99.1219866252816	32.872831616203044
2600	-36.7924518211	-6.89565414848	-29.8967976726	108.32700854281386	21.9816830737961
2700	-38.0126741543	-6.89360391017	-31.1190702441	115.43770907388034	20.28682385759673
2800	-35.3539267469	-6.88809354786	-28.465833199	97.64896157763151	16.787220342552168
2900	-35.255348997	-6.87616644996	-28.3791825471	102.2874894209881	11.845516652144404
3000	-35.8418381468	-6.87621209385	-28.9656260529	94.29067900367347	11.860449792196409
3100	-35.9742271931	-6.88812448796	-29.0861027051	92.39798331953494	16.803813985086038
3200	-38.4322017717	-6.8977121815	-31.5344895902	82.74492595885182	24.03223757192319
3300	-35.3065550607	-6.88782101249	-28.4187340482	98.21858032421554	16.64223288737681
3400	-35.7522444953	-6.89176501137	-28.860479484	102.59731157948114	18.978023990361446
3500	-35.8667059765	-6.89278337044	-28.973922606	97.21463461327987	19.68157215172044
3600	-37.857687211	-6.89451870255	-30.9631685085	114.79530240853492	21.007815406547927
3700	-37.4429142841	-6.89330426105	-30.5496100231	113.171144204007	20.06152597715514
3800	-36.0604654226	-6.88808136333	-29.1723840593	107.607085758635	16.78069314088038
3900	-35.1347310792	-6.87598586916	-28.2587452101	100.81693055546243	11.786654381201123
4000	-35.3378944724	-6.88853989099	-28.4493545814	100.1977374099969	17.02930923275343
4100	-36.2593644593	-6.8938013626	-29.3655630967	105.79992350302888	20.43810645467197
4200	-35.6383512424	-6.88501865864	-28.7533325838	105.77316716628792	15.26194792663301
4300	-36.315562346	-6.88148377457	-29.4340785714	108.235098560632	13.755125313828986
4400	-35.7476707291	-6.89228712954	-28.8553835995	98.93554017436291	19.33255124958982
4500	-35.309426277	-6.88822831394	-28.421197963	99.90941601277338	16.859699512057027
4600	-35.1000970307	-6.88507233181	-28.2150246989	99.56871823527484	15.286671541943438
4700	-37.119652141	-6.89947477536	-30.2201773656	98.33810312635036	26.200388714012142
4800	-37.0701557208	-6.89883784939	-30.1713178714	104.6144996598801	25.36166774863686
4900	-37.4801543313	-6.89666062634	-30.583493705	112.18904424477415	22.932139092359222
5000	-34.9879314138	-6.8810863535	-28.1068450603	99.49473904643882	13.599085429114838
5100	-35.2278308402	-6.88596189251	-28.3418689477	97.39631219449144	15.705592705118287
5200	-35.6135500766	-6.8837847572	-28.7297653194	105.70235327507264	14.709802354960077
5300	-35.5985307969	-6.89112941757	-28.7074013794	99.97452736178943	18.56274881503159
5400	-35.7572280816	-6.89194071268	-28.8652873689	97.25638081482974	19.09593052979706
5500	-38.61987294	-6.90165004616	-31.7182228938	85.32781509162467	29.75002137867847
5600	-39.3364059108	-6.90346920791	-32.4329367029	84.01858443743515	34.15629809071294
5700	-39.7715663239	-6.90507502404	-32.8664912999	93.39672498657437	40.86522469063143
5800	-40.4288522075	-6.90573540312	-33.5231168044	102.47778206042878	45.85979974128462
5900	-38.4739807637	-6.90305110813	-31.5709296556	105.122092542125	32.95845826387689
6000	-39.2778119743	-6.90378229489	-32.3740296794	113.23569070201795	35.15772299729338
6100	-37.8801289811	-6.90187668986	-30.9782522913	99.69730956547963	30.204166850870056
6200	-36.9178718859	-6.89760021686	-30.020271669	106.3738250872474	23.90917874294257
6300	-37.0384514036	-6.8961983538	-30.1422530498	109.64521301587922	22.48435521310325
6400	-36.1494338917	-6.89457476944	-29.2548591223	96.72880786439784	21.053741675902142
6500	-37.6573775135	-6.9011569261	-30.7562205874	102.73448458125438	28.82787135382378
6600	-39.3057689254	-6.90450852552	-32.4012603999	105.37778980583118	37.95906633224551
6700	-37.2800254415	-6.89993890959	-30.3800865319	102.67529483575008	26.859166081351738
6800	-37.7655844703	-6.90156295192	-30.8640215183	100.54175219557676	29.580845800077583
6900	-37.485531987	-6.90072213299	-30.584809854	101.17426547751901	28.07984521552927
7000	-36.5624123763	-6.89649819618	-29.6659141801	104.34032304896274	22.772504946575637
7100	-36.8568811516	-6.89843388841	-29.9584472632	98.19738598627268	24.86400937412871
7200	-35.1004608378	-6.8829081887	-28.2175526491	97.55413881562502	14.33528957786603
7300	-34.9935866318	-6.87944019389	-28.114146438	99.42625853294092	12.977493860366256
7400	-35.4482749549	-6.889408563	-28.5588663919	98.0674621925294	17.517958217396586
7500	-35.238803084	-6.87888472421	-28.3599183598	103.10849232946084	12.776173910196375
7600	-38.3836143931	-6.89653355987	-31.4870808332	116.81633863647376	22.807043536362496
7700	-35.2898072661	-6.88796266136	-28.4018446048	100.20583582969063	16.71732697138392
7800	-37.9568686514	-6.88749059497	-31.0693780564	114.25174628417606	16.469225819100593
7900	-36.2127045786	-6.87924654894	-29.3334580297	107.38694949805023	12.906849639065678
8000	-35.410963904	-6.87230272289	-28.5386611811	99.96614129505339	10.656015166088405
8100	-35.0657491094	-6.87680904714	-28.1889400623	99.81056049097646	12.05783392087254
8200	-35.869036242	-6.89299619782	-28.9760400442	101.66012664973034	19.835074963072245
8300	-35.270332694	-6.88645966659	-28.3838730274	97.1883809986885	15.947901143586297
8400	-36.6781500389	-6.88933271778	-29.7888173211	89.24299626088184	17.474329167857125
8500	-35.3147328853	-6.88787377371	-28.4268591116	101.42300468346093	16.670137987813327
8600	-35.2410016545	-6.88138682918	-28.3596148253	103.45079712111364	13.716836406622253
8700	-36.1011432004	-6.87127797529	-29.2298652251	95.58910928798161	10.362911296727741
8800	-35.2206160939	-6.88707407718	-28.3335420167	99.95158357063569	16.255316512039418
8900	-35.5384710933	-6.8803695302	-28.6581015631	105.06977342773637	13.323651028577464
9000	-36.0951526521	-6.88692835052	-29.2082243015	107.90776882528874	16.18154384524014
9100	-36.3502093577	-6.88796999996	-29.4622393577	108.98160743657002	16.721232882143905
9200	-38.520161006	-6.89971393571	-31.6204470703	116.2187676113559	26.534422870145725
9300	-38.3271884412	-6.89361428216	-31.433574159	116.57767882621357	20.294713895079553
9400	-37.3668343285	-6.89962856978	-30.4672057588	106.32314755908168	26.41390808452889
9500	-36.1410313648	-6.89460201029	-29.2464293545	102.53351160880094	21.07613193506013
9600	-36.8014726589	-6.89294747282	-29.9085251861	110.19900997237484	19.799723259073925
9700	-36.8304999975	-6.89412784535	-29.9363721521	89.72013566140828	20.69338090136872
9800	-35.7192311368	-6.89105699099	-28.8281741458	96.2079418473607	18.51650397284908
9900	-35.2967811916	-6.88700100957	-28.409780182	102.24872260085598	16.21825873480051
10000	-37.5646575501	-6.89859810465	-30.6660594455	88.70762629961227	25.06333698559131
10100	-39.8189419762	-6.90060739113	-32.9183345851	76.7769673165378	27.891429885097967
10200	-38.4197537275	-6.89855938829	-31.5211943393	83.14170231936637	25.015983416776788
10300	-38.4017685108	-6.90015958875	-31.5016089221	84.5403301310931	27.188296064934626
10400	-36.8857008087	-6.89721819776	-29.9884826109	92.69402164755645	23.500351618274067
10500	-36.744049934	-6.89676540482	-29.8472845291	93.37977591525106	23.036482750321245
10600	-35.490541353	-6.88683011214	-28.6037112409	95.1476786431626	16.132116987410523
10700	-35.5509208394	-6.87838011013	-28.6725407293	94.8221131134374	12.596733925870822
10800	-35.1071501955	-6.87826261907	-28.2288875764	101.81878897707048	12.555412390297132
10900	-35.0965540261	-6.88342910802	-28.2131249181	101.74442732265341	14.556156882981425
11000	-35.6393266277	-6.88857716913	-28.7507494586	104.7649849085286	17.049795956297515
11100	-35.5847352039	-6.87120361922	-28.7135315847	98.61350478083959	10.341974163317037
11200	-35.8027586662	-6.88280350641	-28.9199551598	92.98600507966954	14.291487428862766
11300	-35.5248004013	-6.88346774694	-28.6413326544	105.23034277151689	14.57273559537935
11400	-35.0268258774	-6.87846334766	-28.1483625298	100.67412853217851	12.626112189986445
11500	-35.4918675803	-6.88223565871	-28.6096319216	94.50774358319109	14.057169671354583
11600	-35.6546454211	-6.88076364841	-28.7738817727	105.66388075106438	13.474148508508469
11700	-35.6132442135	-6.88884885694	-28.7243953566	95.17089449226329	17.200387061218787
11800	-34.9859669241	-6.88010860264	-28.1058583214	99.6155971810861	13.225245348784249
11900	-35.5747967773	-6.87169646894	-28.7031003083	98.04168011727837	10.481575190811935
12000	-37.6771930615	-6.86184508119	-30.8153479803	99.5779052181741	8.00516435563884
12100	-36.1278459369	-6.8863918579	-29.241454079	91.46314536425388	15.914545493892993
12200	-36.6439627661	-6.89291843499	-29.7510443311	90.21065567758905	19.778714570354538
12300	-35.267094646	-6.8772434383	-28.3898512077	102.8273292852955	12.203955779899777
12400	-35.7844099392	-6.88814005904	-28.8962698802	93.52755064631114	16.812175413677643
12500	-37.3793111671	-6.89271822819	-30.4865929389	112.96469031307333	19.635055110692555
12600	-35.6998879898	-6.89118566295	-28.8087023268	102.83764533505251	18.598809970397426
12700	-36.4485461455	-6.89312769204	-29.5554184534	107.97210173389732	19.93110711609175
12800	-36.2979712892	-6.89560424261	-29.4023670466	102.25520184805113	21.936826137825747
12900	-35.1250557369	-6.8817301818	-28.2433255551	102.46044962601638	13.8531097081734
13000	-36.2743023033	-6.89428269327	-29.3800196101	94.2633218756575	20.816772084942045
13100	-35.3900321012	-6.88909288476	-28.5009392164	100.40447402037346	17.337607546327163
13200	-36.9788611039	-6.89637864023	-30.0824824637	90.54049433410783	22.656613989131728
13300	-35.8809036289	-6.87539458844	-29.0055090404	105.09643735355634	11.596309251646751
13400	-36.4641639681	-6.89667861836	-29.5674853498	100.7889286858033	22.949979192216297
13500	-36.8217443567	-6.89654515814	-29.9251991986	92.14283001764649	22.81839722647002
13600	-36.1284145982	-6.89217568499	-29.2362389132	106.29403639954816	19.25581624699566
13700	-35.2344896257	-6.88585137369	-28.348638252	97.21749390839233	15.652581236293804
13800	-35.1468514557	-6.88472675923	-28.2621246965	101.81419807738705	15.128549332277647
13900	-35.7175591393	-6.89196306695	-28.8255960724	101.14603635177212	19.11103182186845
14000	-37.88048288	-6.89922500909	-30.9812578709	112.42648792857938	25.863057475803373
14100	-36.6633173959	-6.88801620993	-29.775301186	89.28709480857344	16.74586287795305
14200	-35.0252425722	-6.87939699929	-28.1458455729	101.03935875448569	12.961692604513672
14300	-35.5218922641	-6.87593939674	-28.6459528673	95.73041334009423	11.771562079112991
14400	-35.6342367803	-6.88237626579	-28.7518605145	105.7584566259492	14.114680622585807
14500	-38.9633166222	-6.88700053323	-32.0763160889	82.98650861655943	16.218017596819116
14600	-35.68001353	-6.8893530854	-28.7906604446	94.91217186260866	17.486026711350537
14700	-35.3493473311	-6.88789891601	-28.4614484151	102.07873914284936	16.683463052787182
14800	-35.7898192379	-6.89012728894	-28.899691949	94.49644726086326	17.94112853725969
14900	-36.0490543658	-6.88485862465	-29.1641957411	107.72437711821456	15.188591809318222
15000	-37.1049335604	-6.86362737618	-30.2413061843	99.43786754830377	8.410116027029353
15100	-37.4503638815	-6.89694288574	-30.5534209957	111.79769607472178	23.21574973909434
15200	-39.1211914212	-6.8982570064	-32.2229344148	119.8442655214138	24.6536614522474
15300	-37.966146196	-6.9002583036	-31.0658878924	111.39781347466057	27.339104563305675
15400	-38.3061016639	-6.89842079753	-31.4076808663	115.85365696756736	24.848289185578
15500	-36.5879765954	-6.89036315809	-29.6976134373	109.79486568917358	18.083999233592657
15600	-36.5885048824	-6.89701901223	-29.6914858701	102.86654621691046	23.293638220323977
15700	-37.1243626381	-6.88680845153	-30.2375541866	111.71852435042902	16.12125164072225
15800	-35.0725623453	-6.87766023213	-28.1949021131	98.44364869460648	12.346194340664784
15900	-35.0906874768	-6.88313313558	-28.2075543412	101.77533897193109	14.430068149446713
16000	-35.1954187634	-6.88509391621	-28.3103248472	97.25181133293404	15.296631279540234
16100	-35.5830836699	-6.87978993946	-28.7032937304	105.1764070343938	13.106364210631696
16200	-37.2574722682	-6.87639860803	-30.3810736601	109.16200067665787	11.9217037403422
16300	-35.4778254532	-6.88975992832	-28.5880655249	98.18359630862187	17.722598096441985
16400	-35.0616960696	-6.87854157909	-28.1831544905	98.18864953781286	12.653802480808857
16500	-35.1821015254	-6.87481472873	-28.3072867967	99.67926136383572	11.413094804097629
16600	-35.0209294139	-6.87981364832	-28.1411157656	101.05486490554236	13.115160587865446
16700	-35.0710233902	-6.87753745967	-28.1934859305	100.9931246338747	12.304085368605136
16800	-36.005892722	-6.89322605188	-29.1126666701	103.71362486484344	20.003548527167673
16900	-35.0279731876	-6.88325181315	-28.1447213745	99.48478075564644	14.480435812151157
17000	-38.3766491105	-6.89810336351	-31.478545747	83.1604309461962	24.474472787117897
17100	-36.2980851916	-6.89474104788	-29.4033441437	94.77679937636616	21.191199597225168
17200	-35.1191857357	-6.88431957093	-28.2348661648	97.91182682260842	14.945386880192771
17300	-35.6486519774	-6.88473958482	-28.7639123926	93.68868273411536	15.134373425651477
17400	-35.0065944127	-6.87856234923	-28.1280320635	99.81123734855608	12.661167042522392
17500	-35.0628768506	-6.88425688061	-28.17861997	99.61271800337066	14.917483016490841
17600	-38.1602726115	-6.90008411047	-31.260188501	113.33797903202569	27.074501550665047
17700	-36.1477943007	-6.89074651417	-29.2570477865	107.31351066150944	18.32065067414275
17800	-35.9769083428	-6.89367851025	-29.0832298325	97.57581438447534	20.343711712450794
17900	-37.1527383034	-6.89878440199	-30.2539539014	93.37489664745347	25.294384352953934
18000	-35.9752320926	-6.89369924406	-29.0815328485	97.70719006929076	20.35958035580661
18100	-35.9440915943	-6.89349062617	-29.0506009681	101.81290788798695	20.20105092096192
18200	-36.4238675594	-6.89574255251	-29.5281250069	95.26846521690348	22.061640631194475
18300	-35.1120448872	-6.8833937389	-28.2286511483	97.55764582023016	14.541005192022604
18400	-34.9860408359	-6.88065376841	-28.1053870675	100.0318357981906	13.431961658808333
18500	-35.0514621426	-6.87718257816	-28.1742795644	99.50841094805904	12.183354385354267
18600	-35.1179160543	-6.8854140169	-28.2325020374	100.00754990754096	15.445512449618334
18700	-36.4232524814	-6.88456570608	-29.5386867753	90.42790259232844	15.055702450288626
18800	-35.3499350189	-6.88869857799	-28.4612364409	99.93966177832418	17.116810331352763
18900	-36.1469032947	-6.8870046044	-29.2598986903	91.40165593659722	16.22007871739731
19000	-36.2669687563	-6.89372897137	-29.373239785	93.57623916291324	20.382376214570204
19100	-35.3681569542	-6.88842857255	-28.4797283817	101.63011978314547	16.96838123069221
19200	-35.3192624255	-6.8822780851	-28.4369843404	104.0060006168791	14.074488049587014
19300	-35.8119717684	-6.8874276668	-28.9245441016	106.38005295577597	16.436613170668775
19400	-35.6574636413	-6.88542928874	-28.7720343526	93.70278404373784	15.45267119249628
19500	-35.9981331034	-6.8896522342	-29.1084808692	92.71194013382998	17.659429355491337
19600	-37.5881699172	-6.89486526453	-30.6933046527	85.99888984189029	21.29513340843914
19700	-35.000194995	-6.88215502043	-28.1180399746	99.63541442475804	14.024335716379522
19800	-37.4076822544	-6.90019610369	-30.5074861507	95.32254556655872	27.24381591560686
19900	-39.5449612604	-6.89675139513	-32.6482098653	121.34264606145004	23.02246798609584
20000	-38.418242771	-6.8912319122	-31.5270108588	116.45609857495388	18.628559941916965
20100	-36.9463294792	-6.8985396566	-30.0477898226	103.49647420242727	24.99193578180026
20200	-36.3818147014	-6.8940343336	-29.4877803678	106.66528222147905	20.619596409539795
20300	-35.2855116459	-6.87987848266	-28.4056331632	95.93177671708013	13.139254777848839
20400	-35.4272981755	-6.88774451495	-28.5395536606	103.28806019095609	16.601911579817322
20500	-36.348759508	-6.89190209606	-29.4568574119	108.03252832622222	19.069896911154935
20600	-35.5395687949	-6.89057944158	-28.6489893533	99.17992748791717	18.216825071266502
20700	-37.0995017142	-6.89445835404	-30.2050433601	88.33432952332856	20.958616481706784
20800	-35.6852655353	-6.88776441301	-28.7975011223	105.48052572596816	16.61238406896378
20900	-38.3997235305	-6.89609976568	-31.5036237648	82.6118524564811	22.391397033368797
21000	-35.6734902368	-6.8915225619	-28.7819676749	98.06663073962237	18.81757478487471
21100	-35.062018063	-6.88348806613	-28.1785299969	101.07284789842927	14.581464942995051
21200	-35.5137952777	-6.88903872772	-28.62475655	96.39037665157993	17.306991252070887
21300	-35.6106844251	-6.88890255866	-28.7217818665	104.30834179072012	17.230423161096045
21400	-35.155626829	-6.87812139788	-28.2775054311	102.25152586733654	12.505969889549307
21500	-35.7576090339	-6.87250111251	-28.8851079214	103.25054397285109	10.713765865587343
21600	-35.6180073307	-6.87661458506	-28.7413927456	104.49527252692808	11.993105697033672
21700	-35.2836657763	-6.87368200977	-28.4099837665	99.15336162397833	11.06459934772413
21800	-35.0649109574	-6.87707367064	-28.1878372868	99.10079280425391	12.146594365588813
21900	-35.9424847334	-6.89114424044	-29.0513404929	93.95891930931052	18.572239737168655
22000	-36.3951544097	-6.88161143605	-29.5135429737	91.02703583758932	13.80577032294789
22100	-38.3786617712	-6.89270011303	-31.4859616582	82.91532924580659	19.622157729481877
22200	-35.9454509471	-6.88829839365	-29.0571525535	92.59870265028451	16.89759805179866
22300	-36.1487606948	-6.89331035612	-29.2554503387	105.30972479707329	20.066058480301667
22400	-35.5641097369	-6.88077155139	-28.6833381855	94.28785732149129	13.477189617675384
22500	-35.8983716692	-6.88798219655	-29.0103894726	92.79019592367857	16.727727796512102
22600	-35.2784934098	-6.88507929782	-28.3934141119	96.31554211937994	15.289884801564218
22700	-35.0101785359	-6.88247091757	-28.1277076183	99.29494339361739	14.153582094484152
22800	-35.5007407073	-6.88713954572	-28.6136011615	95.19676973221635	16.28863731279132
22900	-36.2235342056	-6.89509799048	-29.3284362152	102.57319765075191	21.49281500493813
23000	-35.2266869469	-6.87465088495	-28.352036062	100.87011359715014	11.36192864237083
23100	-35.9672308834	-6.86844290397	-29.0987879794	99.96336335365325	9.594102941286684
23200	-35.7782023366	-6.8917966094	-28.8864057272	96.56326917567108	18.999125972627755
23300	-37.4530580712	-6.89910870232	-30.5539493688	90.64160639900713	25.709775676428286
23400	-38.105593116	-6.90051027969	-31.2050828363	87.40558912815847	27.734692760060298
23500	-36.489942297	-6.89629722715	-29.5936450698	103.72993993448938	22.578458367317772
23600	-36.8928898032	-6.87430810839	-30.0185816948	107.5511647694902	11.255723596397967
23700	-36.1241741808	-6.89416197428	-29.2300122065	103.50696425519871	20.720446168904342
23800	-37.8397567787	-6.90176071256	-30.9379960662	100.7276102955802	29.9691976069484
23900	-37.4055833136	-6.90029010179	-30.5052932118	103.44454712183975	27.388171586326223
24000	-37.5236954976	-6.88310889123	-30.6405866064	111.96013812973763	14.419809795314249
24100	-36.7846354547	-6.89212119536	-29.8925142594	89.16854600166492	19.21851073834962
24200	-36.1928323008	-6.89399156313	-29.2988407377	104.80082085428839	20.586029401375697
24300	-36.9042979301	-6.89816242113	-30.0061355089	104.42404310698497	24.54297038383356
24400	-36.2403900111	-6.89031414096	-29.3500758701	108.03344197663321	18.05414008008685
24500	-37.1156186058	-6.89350341925	-30.2221151866	111.63095884585218	20.210700429684017
24600	-36.9910478991	-6.89410069715	-30.096947202	110.76590272859075	20.67190374599715
24700	-37.2908862214	-6.89952372514	-30.3913624962	105.53082255285231	26.26785446472422
24800	-38.61716762	-6.9035092655	-31.7136583545	100.90109344242732	34.2789671299604
24900	-37.8544441967	-6.90010679547	-30.9543374012	110.67598452688816	27.108566592657738
25000	-36.4696707196	-6.89475882481	-29.5749118948	106.59889210327876	21.206007735178673
25100	-35.0487333134	-6.88288467495	-28.1658486384	98.38912197718682	14.325434014439567
25200	-36.6436634396	-6.88196177359	-29.761701666	109.3371854759644	13.946086266666475
25300	-35.281964674	-6.88535120339	-28.3966134706	96.39044425181827	15.416122098055261
25400	-36.1899203452	-6.89079530479	-29.2991250404	107.55597028022872	18.351175609358112
25500	-35.0471839899	-6.87725381103	-28.1699301789	99.85154945680692	12.207471225587096
25600	-36.2453392325	-6.8904498012	-29.3548894313	108.01662135285322	18.13699759689674
25700	-35.265387146	-6.88728508772	-28.3781020582	98.2549349975385	16.363112410799882
25800	-36.3306272003	-6.89596163702	-29.4346655633	101.07480604039272	22.262592881251294
25900	-36.4560418958	-6.89667249505	-29.5593694008	99.74685930412444	22.943904017315344
26000	-38.0253815338	-6.89923428251	-31.1261472513	86.07366472954065	25.875380738735434
26100	-35.9511283507	-6.88869226367	-29.0624360871	106.86794915723358	17.113313908766614
26200	-35.14861385	-6.87674684978	-28.2718670003	97.94916661201384	12.03708543534328
26300	-35.9758574196	-6.89282110665	-29.083036313	104.02264162699015	19.7086182901405
26400	-37.0977059042	-6.89932555041	-30.1983803538	102.12470271160363	25.99748204025641
26500	-37.1152049314	-6.89594081429	-30.2192641171	110.40754992942468	22.24331891318753
26600	-36.606534894	-6.89242161537	-29.7141132786	109.33006271051826	19.42594223064992
26700	-35.5091904392	-6.8748386107	-28.6343518285	103.27162231589816	11.420574723950699
26800	-36.7856826016	-6.87383854125	-29.9118440603	107.108706508139	11.112041119181225
26900	-35.5942856956	-6.8811541061	-28.7131315895	94.0942033990008	13.625515635363406
27000	-37.2675824549	-6.88214610894	-30.3854363459	88.48385797609129	14.020713779537566
27100	-36.9350657837	-6.89868258208	-30.0363832016	102.15475836737767	25.167445515599493
27200	-35.642141212	-6.88226950039	-28.7598717116	93.7525787057926	14.07098136277751
27300	-35.6817310353	-6.89087224786	-28.7908587874	103.0784550345072	18.399503734521108
27400	-37.1307308407	-6.89753565017	-30.2331951905	108.72640638963635	23.83889677670276
27500	-37.7822786383	-6.90061033083	-30.8816683074	108.47736693293234	27.896213054066415
27600	-40.0396188554	-6.90196841135	-33.1376504441	123.44808574342274	30.393984560502123
27700	-39.4121389113	-6.90302130974	-32.5091176016	117.73266340573672	32.878323821117185
27800	-39.4242552949	-6.90385083475	-32.5204044602	114.66793679408879	35.391004080477835
27900	-37.0212294042	-6.89896095712	-30.1222684471	102.7432301252784	25.5183887734321
28000	-35.3958988011	-6.88760229671	-28.5082965044	96.50292395911886	16.527378734774555
28100	-35.0342582659	-6.87764574686	-28.156612519	99.50643185247704	12.34121689070167
28200	-35.8067137028	-6.8759629861	-28.9307507167	105.03148715121137	11.779220071665028
28300	-35.6815665584	-6.87606809419	-28.8054984642	104.57482126917326	11.813413566229844
28400	-35.3960534546	-6.87516996895	-28.5208834856	96.75918933966197	11.524938868042737
28500	-35.0363820753	-6.88215569357	-28.1542263817	98.33786023596517	14.024609357429098
28600	-37.6139951291	-6.89680896411	-30.717186165	86.65316140633783	23.08018372749277
28700	-35.5238020015	-6.88813914713	-28.6356628544	95.53593574008454	16.8116855420483
28800	-35.3040130835	-6.87830185782	-28.4257112257	103.39482716991638	12.569193651918964
28900	-35.2489360024	-6.88735334914	-28.3615826532	100.57974212426062	16.398234365820965
29000	-35.3158359317	-6.88433400339	-28.4315019283	95.7727540641864	14.951821901285316
29100	-35.7887326757	-6.89095563919	-28.8977770366	104.29707998744946	18.452147118499855
29200	-35.8406717749	-6.89067459142	-28.9499971834	94.47073275871332	18.27582278996176
29300	-35.6742490081	-6.88955857209	-28.7846904361	104.42253578016546	17.604813751615723
29400	-35.2417495998	-6.88407833442	-28.3576712654	103.19454116086587	14.838434993195461
29500	-37.0255739719	-6.87826072826	-30.1473132437	90.25208952158445	12.5547487885077
29600	-35.7944577935	-6.87760845931	-28.9168493342	105.51680565733525	12.328415473962881
29700	-34.9958169038	-6.88050406288	-28.1153128409	99.01237756384154	13.37476929975313
29800	-35.293006123	-6.87854371451	-28.4144624085	103.38752816674172	12.654559397396817
29900	-36.2333140255	-6.89511256413	-29.3382014614	96.79871036604287	21.505325111039184
30000	-36.587570249	-6.89589564634	-29.6916746026	106.06348996579199	22.20163772186323
30100	-35.7008732168	-6.87331218995	-28.8275610268	96.09376134622217	10.953399875230833
30200	-36.433386696	-6.88708713078	-29.5462995652	90.19937650425506	16.261951404901776
30300	-36.2050902067	-6.89491464744	-29.3101755592	96.70360221365029	21.336754745811916
30400	-39.5443001632	-6.90106189112	-32.643238272	78.34449538221374	28.659525918319602
30500	-38.3863327652	-6.90053353569	-31.4857992295	85.15626887971555	27.772004672587563
30600	-36.3497296159	-6.89578170413	-29.4539479118	96.77225666103355	22.097256847745637
30700	-36.0036527576	-6.89057994666	-29.1130728109	93.11067610528221	18.217137326085975
30800	-37.8376082042	-6.90103854375	-30.9365696605	92.01129041487106	28.61859831815313
30900	-38.090527859	-6.88559980983	-31.2049280492	114.06261457814885	15.532953755770961
31000	-35.519676074	-6.87269887641	-28.6469771976	102.01702513569607	10.771668280990607
31100	-35.2122094616	-6.88650028814	-28.3257091735	101.27202442096328	15.967936636823454
31200	-36.2361101417	-6.88598422916	-29.3501259125	91.01183623937389	15.716340927233016
31300	-35.1627051172	-6.88604452863	-28.2766605886	98.93252057450623	15.745414383756726
31400	-35.7562286382	-6.88264361984	-28.8735850183	93.20246834253747	14.224954316728352
31500	-36.0609608435	-6.89231099922	-29.1686498443	93.94979153035646	19.349063536255084
31600	-35.3118490144	-6.87682045043	-28.4350285639	102.97194147292674	12.061642632580373
31700	-36.1336226456	-6.88356749416	-29.2500551515	91.58782702513705	14.615661399891987
31800	-35.3002008179	-6.87959890614	-28.4206019118	95.88491833712732	13.035768644392983
31900	-35.745711715	-6.87726687512	-28.8684448399	94.31181627311504	12.211900564715162
32000	-35.192692489	-6.87505825764	-28.3176342314	98.74356058931026	11.48963258354155
32100	-35.9784690201	-6.8843083089	-29.0941607113	92.13575363494475	14.940368335300564
32200	-36.294127236	-6.88330718346	-29.4108200525	91.04752137062563	14.504022468511279
32300	-37.0336687221	-6.8749392875	-30.1587294346	91.42000696705999	11.452168716830249
32400	-35.5501353613	-6.89057112337	-28.659564238	98.5717337998156	18.211683862655747
32500	-35.5371324882	-6.8884591653	-28.6486733229	95.62526381443725	16.98508862707877
32600	-35.2402969002	-6.88410401048	-28.3561928898	96.36554499963046	14.84976419785752
32700	-35.0875016297	-6.87712680853	-28.2103748212	100.99336797638409	12.164513343167965
32800	-35.1572784417	-6.87989434152	-28.2773841002	96.86829365309013	13.145157208746095
32900	-35.2096149033	-6.87945200405	-28.3301628993	103.01455586616927	12.981818552441071
33000	-35.4468425649	-6.88583739201	-28.5610051729	104.39801405579033	15.645894763466732
33100	-36.3708424784	-6.89422025246	-29.476622226	93.19038345834139	20.76683253931441
33200	-36.8449075089	-6.89659808086	-29.9483094281	92.00258341868683	22.870368178026098
33300	-36.8534990386	-6.89768203518	-29.9558170034	94.25930141103045	23.998954905562943
33400	-35.854949104	-6.88811883477	-28.9668302692	106.45917037608938	16.800780033000954
33500	-35.2655215909	-6.87902124648	-28.3865003444	103.32012986949117	12.825279573152173
33600	-35.5556503922	-6.89058257566	-28.6650678165	101.12672664736328	18.21876282178163
33700	-35.5953871443	-6.88681217155	-28.7085749728	105.17556387624523	16.123116829459704
33800	-35.4286572138	-6.8835712353	-28.5450859785	104.6607020093997	14.617274975166833
33900	-35.0190008948	-6.88124734614	-28.1377535486	98.47801385474321	13.662003054091914
34000	-35.3653051133	-6.88760124393	-28.4777038694	102.64956068566768	16.526829067367427
34100	-36.7563125383	-6.87227368022	-29.8840388581	106.36641426672858	10.64758883797101
34200	-36.9906801848	-6.88690318879	-30.103776996	111.30867165858379	16.168860885522
34300	-38.91044005	-6.8953827776	-32.0150572724	118.85357541414632	21.740159002074698
34400	-38.5634908713	-6.89255780603	-31.6709330652	117.18815300616914	19.521414399067037
34500	-35.5633813938	-6.88984894355	-28.6735324502	102.84317341980268	17.775113514977388
34600	-35.0915743797	-6.88324729597	-28.2083270838	97.79545626308729	14.478514035706207
34700	-35.2173289603	-6.88183202337	-28.335496937	96.26427199082627	13.893889331674986
34800	-35.2030959036	-6.88682818528	-28.3162677183	99.81912302272958	16.13114996227057
34900	-35.309175766	-6.87752243895	-28.4316533271	96.34010315891652	12.29894565630045
35000	-35.0759559928	-6.88410003391	-28.1918559589	100.88610335971123	14.848008752336703
35100	-36.1092335746	-6.88847643491	-29.2207571397	107.78774688362729	16.99453228976939
35200	-37.8320098872	-6.90027990777	-30.9317299794	110.03791601330765	27.372415204119513
35300	-36.792969092	-6.89751095751	-29.8954581345	104.88781356607274	23.81214842161613
35400	-36.0850309753	-6.88086132427	-29.204169651	107.34393456882033	13.51179976003154
35500	-35.2066295554	-6.88331631167	-28.3233132438	96.49790492875219	14.507916253836969
35600	-35.9231282173	-6.88409398765	-29.0390342297	92.38054648046354	14.845340237427305
35700	-36.8870061514	-6.88717348961	-29.9998326618	110.99871841222838	16.305957168237068
35800	-35.8766486705	-6.88353512383	-28.9931135467	92.61233253135373	14.601710756100731
35900	-36.1930421569	-6.89227222759	-29.3007699293	92.81213980323261	19.32225636790192
36000	-37.8372930297	-6.89834246997	-30.9389505597	86.43044205199816	24.754742335500527
36100	-35.0405176708	-6.87822683269	-28.1622908381	98.69712999716714	12.542860191860044
36200	-35.5532014384	-6.87961667748	-28.6735847609	94.5341656142926	13.042314981806339
36300	-35.3964330516	-6.88673102256	-28.509702029	95.92597461193249	16.082508131375754
36400	-35.1267638861	-6.88361893685	-28.2431449492	102.09496756459865	14.63787178085755
36500	-36.5559062837	-6.89655467279	-29.6593516109	104.05499679135556	22.82772087014132
36600	-35.8551482577	-6.89295516972	-28.962193088	101.39761928663485	19.80529932730052
36700	-36.8496533674	-6.88611410474	-29.9635392626	110.74314171877872	15.779065951790539
36800	-34.9862855204	-6.88023769087	-28.1060478295	99.51537120052551	13.273808389475906
36900	-35.8451157699	-6.87710829458	-28.9680074753	93.9854381333974	12.158266487485886
37000	-36.548829827	-6.87889721094	-29.669932616	91.26686187092335	12.780655253660626
37100	-38.9090688558	-6.86460733069	-32.0444615251	93.09833376103934	8.639960501186494
37200	-35.1595148752	-6.88396529683	-28.2755495784	102.37435623967738	14.78871080061406
37300	-35.2294782896	-6.88493747324	-28.3445408164	96.76233667744249	15.224667050111535
37400	-35.1737692178	-6.88360531747	-28.2901639004	102.65182537354077	14.631986807855606
37500	-37.5897214085	-6.89541106595	-30.6943103426	113.39294756324863	21.76506542916706
37600	-36.4707261357	-6.89254287368	-29.5781832621	108.46857908688607	19.51090194342299
37700	-37.3401340477	-6.88899306239	-30.4511409853	112.715302492767	17.281248170380138
37800	-35.2385971438	-6.87498211298	-28.3636150308	101.37489616630161	11.465638359146874
37900	-35.7268494683	-6.89214957647	-28.8346998919	99.15478887957461	19.237924074784228
38000	-36.3572785056	-6.89312352726	-29.4641549783	107.31753575960418	19.92805133365837
38100	-36.0588892085	-6.89310131882	-29.1657878897	104.61022147099285	19.911772291376625
38200	-35.3398221638	-6.88145306102	-28.4583691028	104.1169272862424	13.742979021936012
38300	-35.4254293512	-6.88728423567	-28.5381451155	103.58349030865553	16.36267478966284
38400	-35.9155732449	-6.89095805696	-29.0246151879	105.49818629467505	18.453677552910584
38500	-35.3161698125	-6.87587189333	-28.4402979191	102.59694856026852	11.749680285619121
38600	-35.3051884551	-6.88817952547	-28.4170089297	99.70324366698073	16.83339965498362
38700	-35.2999818397	-6.87628716152	-28.4236946782	102.67473564589051	11.885057998255697
38800	-35.151887127	-6.88499399481	-28.2668931322	101.70349575362027	15.250607427688992
38900	-35.4869352092	-6.88869131963	-28.5982438895	103.16785241212659	17.11279127313149
39000	-35.3410817187	-6.88343598795	-28.4576457307	104.09384463389922	14.559106825659788
39100	-36.2161786546	-6.89514711131	-29.3210315433	97.36285391762762	21.53504329178405
39200	-35.5869338837	-6.88288858426	-28.7040452994	93.98509403109732	14.327071891841118
39300	-35.507244096	-6.87860604841	-28.6286380476	94.9706529347794	12.676679395643164
39400	-36.0768125813	-6.87082260787	-29.2059899734	95.95767705444233	10.235371696773402
39500	-36.0257092125	-6.89338494638	-29.1323242661	103.69071619141812	20.121693401163707
39600	-35.1875764838	-6.88514059282	-28.302435891	97.38747858791386	15.318203355054903
39700	-35.3237603788	-6.88654641158	-28.4372139672	102.96264919272693	15.990734558737726
39800	-37.4270843698	-6.89911366018	-30.5279707096	108.61409579069121	25.71626197514594
39900	-37.5886950205	-6.89714467989	-30.6915503406	112.51263754593938	23.423556865815502
40000	-38.9709666355	-6.88927466159	-32.0816919739	117.3810493289837	17.441061191371933
40100	-38.0330059045	-6.90081178891	-31.1321941156	110.727754520587	28.22957855947054
40200	-36.453967089	-6.89236611263	-29.5616009764	91.08464058769971	19.387293711322997
40300	-35.1273992434	-6.88247693312	-28.2449223103	102.4024395730079	14.156059580986943
40400	-35.5384100963	-6.87553503873	-28.6628750576	95.81121276305585	11.641196015986381
40500	-35.9949397504	-6.8803215167	-29.1146182337	92.6218916348001	13.305470464500372
40600	-36.9616982147	-6.8871046988	-30.0745935159	88.29983280109415	16.270887843143072
40700	-35.3658584628	-6.87280336195	-28.4930551008	100.325512502345	10.802396038699861
40800	-35.6497397264	-6.89140809629	-28.7583316301	101.14079501964093	18.74270868500966
40900	-35.5203196886	-6.8722008718	-28.6481188168	101.5592635144375	10.6264956406553
41000	-35.3899817109	-6.88762693933	-28.5023547715	96.59507498055123	16.540253560796565
41100	-36.1236275176	-6.89484317283	-29.2287843448	100.37594514686093	21.276569822906524
41200	-36.7777957056	-6.87406447181	-29.9037312338	107.18130192745477	11.180915788424727
41300	-38.0851600368	-6.89305013561	-31.1921099012	83.86938134440348	19.874355024705732
41400	-35.9479972211	-6.87066733607	-29.077329885	102.92567549396736	10.192252322764396
41500	-34.9862649754	-6.88040362969	-28.1058613457	99.48316875935947	13.336583082412764
41600	-35.2374269545	-6.88670641896	-28.3507205355	97.99704548440259	16.070228468669445
41700	-35.576330523	-6.88907388192	-28.687256641	95.7038728718379	17.326854099419617
41800	-35.6093019504	-6.88659030503	-28.7227116454	94.20871073233953	16.01247861821322
41900	-35.1911535842	-6.87766323002	-28.3134903542	97.1375927838285	12.347224792765909
42000	-36.6531432301	-6.89736382316	-29.755779407	96.83992879973407	23.654231414459673
42100	-36.2909671848	-6.89575896354	-29.3952082213	100.93921011400273	22.076554306083366
42200	-36.076436744	-6.88939081	-29.187045934	107.38955907510203	17.50772893958937
42300	-35.5586595411	-6.88554192081	-28.6731176203	105.2342841255725	15.505626863135767
42400	-35.6133818456	-6.89110592263	-28.722275923	98.43959329026421	18.54772369461776
42500	-35.5753606357	-6.88328202797	-28.6920786078	105.50395128454328	14.493299831459556
42600	-35.2544756106	-6.8743977453	-28.3800778653	98.544157242055	11.283387744654798
42700	-35.0421031771	-6.88368801757	-28.1584151595	99.49338012302478	14.667775188483244
42800	-35.5681430271	-6.88544319258	-28.6826998345	94.22993026614691	15.459193145091234
42900	-37.898400302	-6.87052678498	-31.027873517	91.5996890985895	10.153380601864022
43000	-35.5249236074	-6.87461771729	-28.6503058902	96.29191724602738	11.35160262315595
43100	-37.5522874078	-6.88038263084	-30.6719047769	111.18605295226985	13.328617399939134
43200	-36.0808015858	-6.88182891151	-29.1989726743	92.03009271374528	13.892640809803446
43300	-35.5665373997	-6.88619274449	-28.6803446552	94.39129150560566	15.817238126240188
43400	-36.1088221723	-6.87686096474	-29.2319612076	106.3694280996856	12.075186197783857
43500	-35.5164746055	-6.88835916116	-28.6281154443	95.76054813109234	16.93057729563291
43600	-35.1957797409	-6.88374167499	-28.3120380659	102.84188948220866	14.691064078562244
43700	-36.278567487	-6.8823912448	-29.3961762422	91.25043255044922	14.12082686055062
43800	-35.6615588771	-6.88542684882	-28.7761320283	93.67952303241418	15.451527125666143
43900	-36.0326072751	-6.88857447151	-29.1440328036	92.1789767464363	17.0483120308641
44000	-36.4788794817	-6.89455827033	-29.5843212114	92.61132666731511	21.04020478353674
44100	-35.0074355143	-6.88118614357	-28.1262493707	100.8067678549652	13.638037778239426
44200	-35.0385627482	-6.87755016475	-28.1610125835	100.10396628977351	12.308434788250556
44300	-35.3901604653	-6.88320263086	-28.5069578345	95.10039325526154	14.459531684105743
44400	-35.4750883197	-6.87267232259	-28.6024159971	101.63395472714112	10.763874191503755
44500	-36.0155797977	-6.89253740794	-29.1230423898	104.89162037151296	19.507056796439954
44600	-35.3948247063	-6.87814788114	-28.5166768251	103.88155386729323	12.515223255468728
44700	-35.496788566	-6.88774903605	-28.60903953	103.9921290776839	16.604290103221317
44800	-36.9125519107	-6.89711878695	-30.0154331237	107.32659536854314	23.396649631138516
44900	-35.6933132662	-6.88520104184	-28.8081122243	106.05653790557731	15.346209828960903
45000	-36.9000841677	-6.88601573962	-30.014068428	110.89069791112124	15.731523185014417
45100	-35.2174876122	-6.8847514742	-28.332736138	102.7256964134597	15.139775419201085
45200	-35.2501139976	-6.88304364635	-28.3670703512	96.08398051799716	14.392255307343472
45300	-35.6415994253	-6.88848741425	-28.753112011	104.83319810273636	17.00054084629259
45400	-35.1769277881	-6.874979352	-28.3019484361	100.2721072332957	11.464769419458403
45500	-35.3367646423	-6.88854339165	-28.4482212506	99.51663925821227	17.031231283714362
45600	-37.4892189908	-6.89562515845	-30.5935938323	86.74174824542058	21.95560145337399
45700	-35.2472120392	-6.88688504997	-28.3603269892	101.50288752254438	16.15972784472335
45800	-36.1280821728	-6.89205522519	-29.2360269476	93.15236744124836	19.173530697172453
45900	-35.8226900153	-6.89073318609	-28.9319568292	104.85396767398043	18.31232838913262
46000	-35.521235991	-6.88313321961	-28.6381027714	105.21391185113241	14.43010372477268
46100	-35.8499955949	-6.88002672532	-28.9699688696	106.32603882914324	13.194564856238003
46200	-35.1849189273	-6.88478034107	-28.3001385863	102.3247459623094	15.152903362974353
46300	-37.0675049366	-6.89232654385	-30.1751783927	87.87540529420546	19.359831493931516
46400	-35.8283588771	-6.88980746963	-28.9385514075	93.96910659785435	17.75061124551234
46500	-35.4070564333	-6.88329998829	-28.523756445	94.99839989011988	14.50095432461993
46600	-36.4787245751	-6.88687506992	-29.5918495052	90.0294169581181	16.15470636504152
46700	-35.3521629804	-6.88715098036	-28.465012	96.67223599498237	16.294468483521896
46800	-35.4107753847	-6.88260751863	-28.5281678661	104.58256221326079	14.209992689569724
46900	-35.1502480276	-6.88480755315	-28.2654404744	97.72657710966843	15.165294555535064
47000	-35.6584021207	-6.8709230678	-28.7874790529	98.2120100020513	10.263369067531636
47100	-35.4727628206	-6.88240730261	-28.5903555179	94.60460426734505	14.127419952346564
47200	-35.5698135591	-6.88991762109	-28.679895938	96.69800585576712	17.815819825650205
47300	-36.0683356912	-6.86996472246	-29.1983709687	96.58822982352568	9.999425896682954
47400	-35.0824454686	-6.87678697848	-28.2056584902	98.96182672213125	12.050467085639662
47500	-35.0158915062	-6.87904767744	-28.1368438287	98.82431195961229	12.834814443643772
47600	-38.097753857	-6.86071467372	-31.2370391833	99.47713857450056	7.756573231121504
47700	-35.5598974339	-6.88021115491	-28.679686279	105.14524092004449	13.263806276847436
47800	-36.2332826163	-6.89048817332	-29.342794443	107.93424984746953	18.160559323753517
47900	-35.0377052275	-6.87991480051	-28.157790427	98.18050970896398	13.152776883920321
48000	-35.8793133141	-6.88687674579	-28.9924365683	106.85385514649273	16.155549405639324
48100	-37.3977971131	-6.89992307246	-30.4978740406	105.56628585580934	26.835957362789795
48200	-37.9706443008	-6.90192617657	-31.0687181242	104.10248293375857	30.306131850811283
48300	-37.7072783107	-6.90131933192	-30.8059589788	102.50442056433194	29.122284746966827
48400	-36.5229801095	-6.89580033799	-29.6271797715	105.4910092265489	22.114252722346457
48500	-35.602996677	-6.88559430371	-28.7174023733	94.04193457264944	15.53035134250862
48600	-36.2954860395	-6.87552570142	-29.4199603381	93.0662763319429	11.638205628111907
48700	-35.534111792	-6.87135949221	-28.6627522998	99.13727394283677	10.38591526074317
48800	-35.3678023779	-6.87339243258	-28.4944099453	98.23203376283668	10.977422851664338
48900	-35.5629762041	-6.87348823846	-28.6894879656	96.69772191567554	11.006180933154887
49000	-36.456219687	-6.89382052682	-29.5623991602	107.48967293465648	20.45291212581541
49100	-37.1365880417	-6.89737603782	-30.2392120039	109.01904311439964	23.667246716970897
49200	-36.0695332152	-6.88803757614	-29.181495639	91.87934358461588	16.7572716457014
49300	-36.2229871346	-6.87769336816	-29.3452937665	92.55848214690344	12.357589918277224
49400	-36.1663195565	-6.87919834362	-29.2871212129	92.31180293847862	12.889341011314343
49500	-35.934335435	-6.89020266729	-29.0441327677	93.39992698710437	17.986565178821017
49600	-37.0090125507	-6.88815205162	-30.1208604991	88.02738045186457	16.818620016577736
49700	-35.3978236594	-6.87613641117	-28.5216872483	96.31091717211507	11.83570112704964
49800	-35.0212932226	-6.87974116303	-28.1415520596	98.4924503246401	13.088291650787015
49900	-36.4900937022	-6.86681310431	-29.6232805979	97.5658286193751	9.177499374457344
50000	-38.3314968581	-6.89104851922	-31.4404483389	83.38324381293782	18.51110863353604
50100	-36.6544763303	-6.89288188845	-29.7615944419	90.1327993009128	19.7523359555722
50200	-37.4167990305	-6.89849656474	-30.5183024658	89.80515689358678	24.93961855594102
50300	-35.793747971	-6.88463198419	-28.9091159868	92.95105894458177	15.085616855391809
50400	-35.2041326035	-6.87823479522	-28.3258978083	102.68871247498834	12.545651714080252
50500	-35.6008082478	-6.88778913636	-28.7130191115	104.85313566880367	16.625411442781665
50600	-36.5268035466	-6.88234525606	-29.6444582905	109.07311544724367	14.10196859958222
50700	-38.7993455624	-6.89156246873	-31.9077830936	81.89408221093653	18.843808123872563
50800	-36.8993077833	-6.89787246404	-30.0014353193	94.16439272637051	24.211080086295883
50900	-37.1192956862	-6.8939357624	-30.2253599238	88.02519787050414	20.542404732089715
51000	-35.309700723	-6.88768203841	-28.4220186846	101.63676845741186	16.569100832439585
51100	-35.0073084521	-6.87961984494	-28.1276886072	100.7107396995921	13.043482214099557
51200	-36.1108271129	-6.87798327296	-29.2328438399	106.71896887376043	12.45784674559733
51300	-35.0020033471	-6.87883360251	-28.1231697446	99.53390947290083	12.757847837560728
51400	-36.6655582366	-6.89552087385	-29.7700373627	107.41042328262147	21.86233766538895
51500	-37.066876378	-6.89909958847	-30.1677767895	96.47867226931132	25.697863130020455
51600	-38.450802211	-6.90318378126	-31.5476184298	100.97103110000737	33.32325248874982
51700	-38.6469168762	-6.90339867505	-31.7435182012	94.27253470224778	33.943895269293996
51800	-38.3521381262	-6.90168177338	-31.4504563528	88.00185274629499	29.812367889908007
51900	-37.1643399457	-6.8989135843	-30.2654263614	105.89663797916154	25.457790231758274
52000	-35.7952240952	-6.88313415788	-28.9120899373	106.5477316061907	14.43050094199576
52100	-35.6657263441	-6.88561219207	-28.780114152	105.86144916385152	15.538808583040616
52200	-35.2131254252	-6.88694761209	-28.3261778131	100.14017870135974	16.191263661410215
52300	-37.1833351291	-6.88344594961	-30.2998891795	111.18592940715368	14.563379685707062
52400	-35.4255433927	-6.87231026478	-28.5532331279	100.50393176255633	10.658204504513096
52500	-35.2950429047	-6.87701135635	-28.4180315483	102.93295499609395	12.125621777743431
52600	-34.9978098867	-6.88199751109	-28.1158123756	99.57232062350566	13.9605110135849
52700	-36.0223156107	-6.89333573314	-29.1289798776	95.80149946764345	20.08495181213057
52800	-35.9031426871	-6.89283555359	-29.0103071335	102.90115452410204	19.718992038621185
52900	-35.1299605466	-6.87682212998	-28.2531384166	98.12825991612287	12.062203726884134
53000	-35.2304163686	-6.88713966964	-28.3432766989	99.12064746686927	16.288700491444235
53100	-35.2586975253	-6.88414201602	-28.3745555093	96.20862599051858	14.86655720890312
53200	-34.9861892185	-6.8802585918	-28.1059306267	100.02133127730198	13.281693558619848
53300	-35.4258350893	-6.88349910802	-28.5423359812	94.89228580985171	14.586211858213773
53400	-35.6935595369	-6.8914433292	-28.8021162077	97.34778032596917	18.765693075894617
53500	-37.775152236	-6.88545961282	-30.8896926232	86.29736825213152	15.466900956421716
53600	-35.737665916	-6.88804372304	-28.849622193	105.73745273866955	16.76055627792391
53700	-39.3542290346	-6.90424715471	-32.4499818799	110.64375427224186	36.858345190390345
53800	-39.5618342558	-6.90430975701	-32.6575244988	113.37807129011092	37.11116211884963
53900	-37.6111528653	-6.90063750003	-30.7105153653	93.77190937119126	27.940528584343568
54000	-36.7068547231	-6.89712502234	-29.8097297008	104.74395298532143	23.40312265946737
54100	-36.3974523885	-6.88581646659	-29.5116359219	109.14428634717837	15.635895921935216
54200	-35.765677642	-6.86965581679	-28.8960218252	99.42613989315524	9.91581198958967
54300	-36.1331919713	-6.88374389127	-29.24944808	91.56963732520295	14.692027175588478
54400	-37.3553477083	-6.88001332455	-30.4753343837	110.62207005713095	13.18955236820166
54500	-35.1178746561	-6.87770986988	-28.2401647863	101.72344595492099	12.363269755271753
54600	-37.0092104796	-6.88962166981	-30.1195888098	87.94244780088825	17.64157405195495
54700	-35.9843286929	-6.87444959915	-29.1098790937	94.45226606961268	11.299426125645882
54800	-35.142788485	-6.88210126212	-28.2606872228	102.60914127918764	14.002506372100283
54900	-35.7543651631	-6.89221464461	-28.8621505185	98.21820922433473	19.28257495264472
55000	-36.0107445966	-6.89021066031	-29.1205339363	92.87158083280724	17.991395347512753
55100	-38.9319196527	-6.88319544448	-32.0487242082	84.49609647504205	14.456480885175736
55200	-36.7344582185	-6.89366562749	-29.840792591	90.04737604117564	20.333864544523088
55300	-35.4759568997	-6.8893451598	-28.5866117399	97.35436776710719	17.4814732524666
55400	-35.3210570047	-6.87633957874	-28.4447174259	102.83985980950355	11.902277055422266
55500	-35.1920117098	-6.88182700183	-28.310184708	96.46928464074733	13.891874694309458
55600	-35.6137885338	-6.88110862516	-28.7326799086	105.53017605582832	13.607765869554928
55700	-37.152024834	-6.89925510585	-30.2527697281	104.18683885371894	25.90310793651784
55800	-38.7095733919	-6.90322768513	-31.8063457068	108.55615846425908	33.44696020905517
55900	-36.7323432024	-6.89709074459	-29.8352524578	105.22534671251555	23.367590206612075
56000	-35.5247944931	-6.88989687657	-28.6348976165	102.12347242365686	17.803506731358652
56100	-35.4358582783	-6.87932450856	-28.5565337698	95.1669083815504	12.93523034441975
56200	-35.9824299212	-6.89229111886	-29.0901388023	104.8411595298027	19.33530903876866
56300	-35.3163936605	-6.88799381937	-28.4283998412	98.31520967075947	16.733921092539347
56400	-35.9563406421	-6.89370101378	-29.0626396284	101.17947791762163	20.36093597952442
56500	-35.2243177154	-6.87454045991	-28.3497772555	98.8690243890775	11.327591510963908
56600	-35.0669538336	-6.87895282085	-28.1880010127	97.98056593177733	12.80063743524976
56700	-35.5623197237	-6.88140790397	-28.6809118197	94.21594549858575	13.725147502644333
56800	-35.3610934786	-6.88882225629	-28.4722712223	99.96976836982066	17.18554230374529
56900	-35.4148474162	-6.87674225368	-28.5381051625	95.9852270056568	12.035553926078837
57000	-35.5795411441	-6.88619099088	-28.6933501532	94.3051555382744	15.816385322526276
57100	-35.2450714324	-6.88513479956	-28.3599366328	102.85985746103754	15.315523409469098
57200	-36.3666543784	-6.88932035786	-29.4773340206	90.62249595743053	17.46723727831056
57300	-36.3174177894	-6.8905899498	-29.4268278396	91.16515961289087	18.22332362456555
57400	-35.4638094752	-6.88745490182	-28.5763545734	103.8553001441636	16.45071472010434
57500	-35.3223075894	-6.88838193316	-28.4339256563	99.64582951699937	16.94296400146518
57600	-34.9851959096	-6.88079832607	-28.1043975835	99.68996091691231	13.487499531622081
57700	-35.0779460723	-6.87854114048	-28.1994049318	97.96901848070418	12.653647018827659
57800	-36.2797372723	-6.88742049333	-29.392316779	108.70333907150827	16.432902249067933
57900	-36.1226430561	-6.87433230326	-29.2483107528	105.49522891266142	11.263183187886664
58000	-35.6443512756	-6.89121670086	-28.7531345747	101.65930605764306	18.61876543278561
58100	-36.3354448041	-6.89585782374	-29.4395869804	102.02180982599194	22.166868017781216
58200	-36.929693761	-6.89536151577	-30.0343322452	89.91885651751147	21.72147980839985
58300	-36.4959926324	-6.8964087698	-29.5995838626	96.09050440513928	22.6856935918692
58400	-36.9390363967	-6.89307778822	-30.0459586085	110.87379571138494	19.89455295869466
58500	-35.4254149847	-6.88290913084	-28.5425058539	104.66789653332602	14.335684671709833
58600	-35.3260206195	-6.88668196165	-28.4393386579	96.64171233436213	16.058036742536782
58700	-36.2313805367	-6.87158627572	-29.359794261	104.56991453135146	10.450193071839463
58800	-35.2658095719	-6.88692776133	-28.3788818106	97.72518090881776	16.18124667488628
58900	-35.3774056616	-6.88496355423	-28.4924421073	104.10457417857742	15.236628468104099
59000	-37.1735448426	-6.86341513002	-30.3101297126	100.22738222751035	8.361022972756516
59100	-36.0118629655	-6.88965754776	-29.1222054177	106.91216736350059	17.66253672112161
59200	-35.8641264078	-6.88401350397	-28.9801129039	106.90037384745436	14.809886445847901
59300	-35.158170434	-6.88282573731	-28.2753446967	96.87438923392364	14.300773461477483
59400	-36.0142047954	-6.87016819544	-29.1440365999	96.67995307514279	10.054885919047429
59500	-35.7121228309	-6.88207665463	-28.8300461763	106.08840984923705	13.992530020812401
59600	-35.8378737684	-6.8922363759	-28.9456373925	96.45394471946594	19.297531861647325
59700	-37.0156369263	-6.88741637818	-30.1282205482	88.08365228717962	16.430774051795133
59800	-36.5387159502	-6.89403531555	-29.6446806347	91.60965529726677	20.62036838396624
59900	-35.4900269146	-6.88205090336	-28.6079760112	94.5276462240769	13.982100604444978
60000	-35.5611700486	-6.89013702881	-28.6710330198	97.18294583033945	17.946987942027157
60100	-35.3785446104	-6.88228054026	-28.4962640701	95.15489307883382	14.075491158794716
60200	-35.8143886193	-6.89124166875	-28.9231469506	104.25940785919114	18.634847196150837
60300	-35.6351172915	-6.87859931146	-28.7565179801	94.39533282936193	12.674286340042304
60400	-35.2533019773	-6.88650572025	-28.3667962571	97.48400721638758	15.970618924236318
60500	-37.3178475847	-6.89814607329	-30.4197015114	109.43154761847755	24.523962438803334
60600	-37.3513459873	-6.89849590663	-30.4528500807	109.1342520478881	24.938821677977746
60700	-36.7936323997	-6.89184927007	-29.9017831297	110.48233220186876	19.034393381576876
60800	-35.4207542912	-6.87260286773	-28.5481514235	98.57450810400947	10.743516448856992
60900	-36.1577564555	-6.89079063356	-29.266965822	107.35674560199233	18.348249104689813
61000	-38.4562829203	-6.89776312668	-31.5585197936	116.89667025401299	24.08873598632987
61100	-36.870444625	-6.89434445831	-29.9761001666	109.93888883435069	20.866417741740232
61200	-37.2313078553	-6.88445881771	-30.3468490375	111.56062936862162	15.007646477180828
61300	-35.6512872061	-6.87939960129	-28.7718876048	94.14250989961415	12.962643748547102
61400	-35.6698819616	-6.87165215331	-28.7982298083	97.36376302275923	10.468942622022574
61500	-35.7043887241	-6.87035404061	-28.8340346835	100.95056722037705	10.105811356503558
61600	-35.8585843978	-6.88569651124	-28.9728878865	106.8653158758789	15.578769521298712
61700	-36.0571000308	-6.87097779752	-29.1861222332	95.93731351080385	10.278654847467495
61800	-36.0653086096	-6.86877808977	-29.1965305198	101.83283474039912	9.681976651545025
61900	-36.4694811803	-6.89555562747	-29.5739255528	94.21690168516193	21.893321984873786
62000	-35.1062593485	-6.88506240572	-28.2211969427	99.07389663880495	15.282094653879337
62100	-35.0827362182	-6.8764657549	-28.2062704633	99.58400744057894	11.943847916352391
62200	-35.030596437	-6.87900312704	-28.1515933099	101.01351966135547	12.818748301626044
62300	-35.4509935646	-6.88764621834	-28.5633473463	103.61072898626917	16.550337674459318
62400	-36.6159807027	-6.88875063487	-29.7272300678	89.47537648005029	17.14568244412672
62500	-35.413051037	-6.88441240044	-28.5286386366	95.07119462615026	14.986849429004632
62600	-35.1781599179	-6.87885623389	-28.2993036841	96.89274007039046	12.765956576762097
62700	-35.1559018491	-6.88589617064	-28.2700056785	98.85680314023891	15.674034688278049
62800	-35.5831069291	-6.87099050965	-28.7121164195	99.11219939562672	10.282208635464192
62900	-35.0420816824	-6.88174321663	-28.1603384658	101.40740931151386	13.858319871082358
63000	-35.0186754115	-6.87847774973	-28.1401976618	100.44992904549292	12.631204100878518
63100	-35.429692771	-6.87409010202	-28.5556026689	97.15059807411347	11.188759175218562
63200	-36.2452900241	-6.87144344745	-29.3738465767	95.00071571322718	10.409662765548049
63300	-36.1756172648	-6.89351957078	-29.2820976941	94.22587534512132	20.222896446092854
63400	-35.2650559931	-6.87899879622	-28.3860571969	96.2277864847444	12.817187860324223
63500	-36.3457072804	-6.86717564025	-29.4785316401	97.95496784527688	9.268680145901264
63600	-35.1305672128	-6.88533907998	-28.2452281328	98.68205236558109	15.410459501445649
63700	-35.1007433171	-6.88487238541	-28.2158709317	98.91900654564382	15.19487834140598
63800	-35.6893115775	-6.87879108932	-28.8105204882	94.12175810707626	12.742633272471352
63900	-34.9860956505	-6.88023312574	-28.1058625248	100.00356303459405	13.272086956765495
64000	-37.1062147434	-6.88321185451	-30.2230028889	110.92201193343865	14.463448717471348
64100	-35.6599186191	-6.89164392903	-28.7682746901	99.94636558082291	18.897571824368974
64200	-35.279369402	-6.88560297694	-28.393766425	103.00750668482632	15.534450967307032
64300	-35.5388059012	-6.88637595873	-28.6524299425	94.62938160150522	15.90674063989567
64400	-36.0023445875	-6.8773704356	-29.1249741519	93.35660629055604	12.247082027388519
64500	-35.4318244974	-6.88870461235	-28.543119885	102.38566618303685	17.120152879700466
64600	-35.3804662009	-6.88879796375	-28.4916682371	101.13222294489927	17.17200483038826
64700	-36.9413419988	-6.86767710425	-30.0736648945	104.3489107130071	9.39618869325299
64800	-35.5263516781	-6.87141206764	-28.6549396105	99.16532452722913	10.40078009800917
64900	-35.0599511321	-6.87741712025	-28.1825340118	98.86301327004043	12.262982255171952
65000	-36.1047470369	-6.89312175399	-29.2116252829	105.0932232119704	19.926750527813674
65100	-36.6189082156	-6.89666714141	-29.7222410742	94.80547790058382	22.93859547674361
65200	-35.8093685046	-6.88455687659	-28.924811628	106.66328448932887	15.051724036627448
65300	-36.5495407571	-6.87239473496	-29.6771460222	93.64695163364426	10.682758172489399
65400	-35.2746899031	-6.87472925222	-28.3999606509	101.56106283167814	11.386369004435428
65500	-35.2229627976	-6.88673213804	-28.3362306596	98.37292636079461	16.083065223374586
65600	-35.5001797817	-6.88105185851	-28.6191279232	104.97579214893246	13.585655763365859
65700	-36.7755477724	-6.87256323036	-29.902984542	106.54275616256321	10.731916985845581
65800	-36.8423557908	-6.86453305543	-29.9778227354	99.7171155087186	8.622353292556225
65900	-35.2104156532	-6.88453493439	-28.3258807188	102.73620265864069	15.041844107071247
66000	-37.7545765045	-6.89999111035	-30.8545853941	89.58491665377595	26.936047957785554
66100	-38.9423951739	-6.90365216704	-32.0387430069	90.46339120755525	34.7292597323186
66200	-37.5539211243	-6.90092415881	-30.6529969655	98.13706734274932	28.420468719651918
66300	-37.3674170227	-6.90037169458	-30.4670453281	99.91154944107522	27.515188097344822
66400	-38.2039137637	-6.90171307248	-31.3022006913	89.85503126132542	29.874256349669107
66500	-38.2439958329	-6.90020725898	-31.3437885739	85.74599822277611	27.26083884903019
66600	-37.1454458505	-6.89892271226	-30.2465231383	93.97020533658568	25.469438042284004
66700	-37.5316967883	-6.89882737242	-30.6328694159	89.34594382577997	25.348442873702282
66800	-38.0236415883	-6.90110045275	-31.1225411356	89.78954698012787	28.7274928801538
66900	-36.1975726733	-6.88654802127	-29.311024652	91.16582485564479	15.991531136917697
67000	-35.4354994647	-6.88234716196	-28.5531523027	104.72398359089502	14.102749428869254
67100	-35.0182622268	-6.88210689401	-28.1361553328	98.73102262906941	14.004791052214115
67200	-35.5058492554	-6.87148187697	-28.6343673784	99.74640744826004	10.420551745918328
67300	-35.5912712816	-6.88983819655	-28.701433085	96.29843448472906	17.768758560034584
67400	-37.6192492301	-6.87377953203	-30.7454696981	108.87033215202756	11.09413008592852
67500	-35.6489408765	-6.87512512306	-28.7738157535	104.07136960541547	11.510750375037889
67600	-35.5653190058	-6.88082946743	-28.6844895384	105.26603185756466	13.499504274614438
67700	-34.9849663567	-6.88047444724	-28.1044919095	99.90821124269466	13.363493818281563
67800	-35.3828693961	-6.88285250885	-28.5000168873	95.13239780698946	14.311967610190727
67900	-35.2763077312	-6.88534761002	-28.3909601211	103.09381016190723	15.41444337635108
68000	-35.2429119203	-6.87756583066	-28.3653460896	96.77190937145257	12.313800418549809
68100	-35.1759383063	-6.88309086522	-28.2928474411	96.74626183440624	14.412189381875427
68200	-36.7635289329	-6.89758094465	-29.8659479882	104.13587450082765	23.888148844627437
68300	-41.0375757611	-6.90231116042	-34.1352646007	71.01573302969395	31.13701225175031
68400	-39.4520131748	-6.90428286948	-32.5477303054	87.59774163628427	37.0017938966518
68500	-40.2945835636	-6.90470937606	-33.3898741876	79.88098214448742	38.89575548932895
68600	-40.2054773038	-6.90440113381	-33.30107617	79.21608155427646	37.49205065852883
68700	-37.7893315114	-6.90022840743	-30.8891031039	89.81875610280227	27.293191059251892
68800	-36.0680558418	-6.89074449079	-29.177311351	92.75055435371463	18.319386791345686
68900	-35.0164777547	-6.87864072773	-28.137837027	100.50283303862535	12.689007017634815
69000	-35.3219019039	-6.88759719548	-28.4343047084	101.98983210090367	16.52471560756329
69100	-35.3453394063	-6.87516892738	-28.470170479	97.09842059591455	11.524609102369233
69200	-35.100020638	-6.88412619369	-28.2158944443	101.41334474019258	14.859562576885006
69300	-35.2124299383	-6.87691923314	-28.3355107052	102.28704845601317	12.094697010212952
69400	-36.5528822687	-6.89467714732	-29.6582051214	92.1094136343801	21.138150945657678
69500	-35.3796263564	-6.88898365904	-28.4906426974	99.16039084518414	17.275955400898983
69600	-35.5260291679	-6.88103457814	-28.6449945897	105.10299204731366	13.578934907954425
69700	-35.9313975228	-6.88553870516	-29.0458588176	107.21741607495323	15.504111079834553
69800	-35.2497960948	-6.88592465667	-28.3638714381	102.47560491769134	15.687700747085243
69900	-36.1160488534	-6.8912447856	-29.2248040678	92.69477523409637	18.636856572651162
70000	-35.1219993862	-6.87969589596	-28.2423034903	102.32425640237275	13.071548543997304
70100	-35.6255153516	-6.8788205545	-28.7466947971	105.156846784617	12.75317576959102
70200	-35.5954206253	-6.87134021462	-28.7240804107	101.2574685889223	10.380470372911494
70300	-35.1085417066	-6.87622021559	-28.232321491	100.52374227516329	11.863109290062294
70400	-35.000683389	-6.88146006026	-28.1192233287	100.53884669640868	13.745745715402442
70500	-35.385991181	-6.88036547391	-28.5056257071	104.28096548994658	13.322113815028478
70600	-35.4179196539	-6.88921019559	-28.5287094583	101.13739253006395	17.404249416112464
70700	-35.5670399277	-6.88596359984	-28.6810763278	105.20474323513017	15.706413852144031
70800	-35.9053923074	-6.86979120308	-29.0356011043	97.60934133817713	9.952372023357547
70900	-36.2613984373	-6.88662588766	-29.3747725496	90.89870004019316	16.030140401143218
71000	-35.3994676777	-6.88585957906	-28.5136080986	104.01731094650975	15.656507380186554
71100	-35.7402508283	-6.8728427822	-28.8674080461	103.36899687517274	10.814013565898698
71200	-35.3353902025	-6.88011783013	-28.4552723723	103.95293782251292	13.22870891932978
71300	-35.9536761669	-6.89253704344	-29.0611391234	95.3534920595626	19.506800420628288
71400	-36.8770572083	-6.89823175072	-29.9788254576	95.99313102376163	24.62398517893717
71500	-36.8246174837	-6.89829013263	-29.9263273511	101.44475805106953	24.692719882295563
71600	-36.8107991721	-6.89823844933	-29.9125607228	98.18436292414523	24.63184769116752
71700	-34.9889411068	-6.88016520945	-28.1087758974	99.3398460143184	13.246511823871456
71800	-35.0923045935	-6.87693808876	-28.2153665047	98.60789963097362	12.101018857773854
71900	-35.3277224656	-6.87489767625	-28.4528247893	97.38796486714094	11.439098337229481
72000	-35.1082096912	-6.87601711763	-28.2321925736	99.43461413520609	11.796815401056291
72100	-36.5171486607	-6.89636209389	-29.6207865668	104.00246142911861	22.64068015454182
72200	-35.9952665252	-6.89404545527	-29.1012210699	100.38577094735514	20.628343376412975
72300	-36.0022186603	-6.89327505097	-29.1089436093	95.97806809527515	20.039832822945723
72400	-36.0615068068	-6.86866206835	-29.1928447385	101.66397314204485	9.65147252960613
72500	-35.1225214487	-6.8845929226	-28.2379285261	98.04935978665405	15.067975708272801
72600	-35.1840683861	-6.88292524661	-28.3011431395	96.63917786534039	14.342445325419927
72700	-35.1190182546	-6.88246917987	-28.2365490747	102.311000599264	14.152866543561371
72800	-35.5658329504	-6.88841440884	-28.6774185416	95.31990998303894	16.960655551110936
72900	-35.4554728871	-6.88919549629	-28.5662773908	102.05789499218405	17.395874663172506
73000	-35.736617647	-6.87413759806	-28.8624800489	104.01568341772489	11.2033102465329
73100	-35.1680108969	-6.884729397	-28.2832814999	97.41302182789288	15.129746864075997
73200	-37.0631260048	-6.89927860816	-30.1638473966	98.64106788376122	25.934494922434883
73300	-38.6328547061	-6.90342811876	-31.7294265874	95.22627379750315	34.03201422169679
73400	-38.1493800381	-6.89810653305	-31.251273505	84.37756089960652	24.47813707040224
73500	-36.8065161276	-6.89623595269	-29.9102801749	91.82145555636784	22.520035854841183
73600	-39.1893405412	-6.90383991428	-32.2855006269	87.94358764620385	35.35346897661797
73700	-39.9948399612	-6.90538645571	-33.0894535055	100.28966230057821	42.91584330342399
73800	-39.4200135354	-6.90472090858	-32.5152926268	96.06864927350094	38.95229769319979
73900	-38.2324330901	-6.90256945676	-31.3298636334	104.26892348067038	31.735865703296614
74000	-34.9963350572	-6.88146176721	-28.11487329	100.36617695049085	13.746420562063022
74100	-35.4417192764	-6.88381074585	-28.5579085306	104.72474251113162	14.721122922671576
74200	-36.295427974	-6.88426933691	-29.411158637	90.91469511841808	14.923021202531881
74300	-35.3603948128	-6.88865412177	-28.4717406911	98.66128042256605	17.092219564787943
74400	-36.2146568834	-6.8950908334	-29.31956605	97.15381274710133	21.486677046978834
74500	-36.4708892474	-6.89606673707	-29.5748225103	95.41823224118478	22.360446792687608
74600	-35.642755931	-6.88999735827	-28.7527585728	95.84677926532545	17.863290179341547
74700	-37.4379257038	-6.90050477557	-30.5374209282	97.21784600457437	27.72588229332386
74800	-36.685757385	-6.89644767278	-29.7893097122	93.40934853500754	22.723366383093424
74900	-35.1911667472	-6.88654967675	-28.3046170704	99.06965838158092	15.992350440681196
75000	-36.7942125652	-6.89669971046	-29.8975128547	92.68757319661454	22.970933811077543
75100	-38.5361290648	-6.89945313939	-31.6366759254	83.0253872903572	26.170713074913508
75200	-36.3726291059	-6.89005726992	-29.482571836	90.73139740719384	17.899106555395893
75300	-35.1147461698	-6.88295032621	-28.2317958436	97.3832803583823	14.352975453594762
75400	-35.3390947237	-6.87942503859	-28.4596696851	103.85903103024182	12.97194697157242
75500	-36.8944278976	-6.89752057853	-29.996907319	93.26418390665148	23.822561904476846
75600	-36.729256632	-6.8923234273	-29.8369332047	110.03059801355467	19.357671688692953
75700	-35.0319518695	-6.88037667493	-28.1515751946	98.2212860884865	13.326359245421099
75800	-35.0445568152	-6.88031191114	-28.1642449041	98.03193289944394	13.301837235857057
75900	-35.4090041808	-6.88933732351	-28.5196668573	99.53607165133712	17.47697313437614
76000	-36.3517226173	-6.88055552371	-29.4711670936	91.39870469558748	13.3943921317914
76100	-35.7155019954	-6.89205510697	-28.8234468884	100.44755167656989	19.17345027067754
76200	-35.2773138262	-6.87363243881	-28.4036813874	99.83075025877146	11.049622117948783
76300	-35.8728068002	-6.89308112257	-28.9797256776	101.40350404225391	19.896991185537207
76400	-37.0958505081	-6.89291455835	-30.2029359498	111.68255606160908	19.775913183384677
76500	-36.6207745276	-6.89403097948	-29.7267435481	108.52308379796678	20.616959955235327
76600	-36.1555449905	-6.89458309209	-29.2609618984	102.90959486764736	21.060577056477793
76700	-35.6392314079	-6.87419720318	-28.7650342047	103.61129213197886	11.221601111137971
76800	-35.5903784142	-6.87577997414	-28.71459844	95.46843005245451	11.719960699074326
76900	-36.2796846331	-6.86999715567	-29.4096874774	95.7289852502194	10.008245539686508
77000	-36.0179664688	-6.89061452956	-29.1273519393	106.51162584523273	18.238540904552718
77100	-35.729948325	-6.89064200189	-28.8393063231	103.99147408599804	18.255576414778556
77200	-34.9940006817	-6.88179578766	-28.112204894	99.72628252079367	13.879360686255822
77300	-35.1084816058	-6.87855484642	-28.2299267594	101.92834604327432	12.658506112279316
77400	-36.1646518937	-6.89378674952	-29.2708651442	104.79916956237165	20.42683155721318
77500	-35.5940717816	-6.88486338475	-28.7092083968	105.53868844212077	15.190765989332476
77600	-35.054253374	-6.88274968078	-28.1715036933	98.21623464389847	14.269039671282444
77700	-36.5270073415	-6.89528403838	-29.6317233031	93.11308656720776	21.653707169531543
77800	-35.8647604559	-6.86908434897	-28.9956761069	99.23220151733985	9.76294757852146
77900	-35.7296274005	-6.87154247971	-28.8580849208	102.45309106203716	10.43774762800195
78000	-35.4685828346	-6.87202228723	-28.5965605474	98.83697582734224	10.574945850032897
78100	-35.4629234589	-6.88132751785	-28.581595941	104.8120303328108	13.693483276911676
78200	-35.7746041629	-6.8885287831	-28.8860753798	105.80496858953036	17.02321284060564
78300	-35.7104176725	-6.88604020583	-28.8243774667	106.0553625237531	15.743327323432045
78400	-35.1061367749	-6.88180101646	-28.2243357585	97.2857563961397	13.881455860332284
78500	-35.9290905211	-6.89359860986	-29.0354919112	100.52285392917499	20.282794278430316
78600	-35.5092143312	-6.87442717374	-28.6347871575	96.47306150701448	11.292486797139341
78700	-35.6557013293	-6.87528966637	-28.7804116629	95.37159128676129	11.562908005549707
78800	-35.1738816812	-6.88614714888	-28.2877345323	100.79944502333727	15.795088017033503
78900	-35.1882383222	-6.88602579254	-28.3022125297	101.37825440585607	15.736371701951155
79000	-35.8625399875	-6.89033342624	-28.9722065613	105.50990492413044	18.06587721686718
79100	-36.8622756799	-6.89849635866	-29.9637793213	98.89667812140212	24.939369018543896
79200	-36.1862067794	-6.89180580461	-29.2944009748	92.53967633718888	19.005275150191828
79300	-36.4331014882	-6.89161845511	-29.5414830331	90.87622533937765	18.88072798627727
79400	-36.7545505981	-6.88803354493	-29.8665170532	88.94328418158396	16.755118132610583
79500	-35.3899912153	-6.88910337284	-28.5008878425	99.20824891527982	17.343547563824792
79600	-35.5021152492	-6.88849681485	-28.6136184344	96.02041241302071	17.005688283734116
79700	-35.8309887036	-6.88141726655	-28.9495714371	93.0374467984783	13.728841965919184
79800	-36.0596129136	-6.86908874182	-29.1905241717	97.39997386322074	9.764113773366853
79900	-35.0164827692	-6.87907225694	-28.1374105122	100.74106133778116	12.843689572711586
80000	-37.2485013076	-6.88816672644	-30.3603345812	112.31168505174564	16.82651166177151
80100	-35.1001829438	-6.87913940836	-28.2210435354	97.54329814840445	12.867976739228462
80200	-35.884817302	-6.88913374279	-28.9956835592	93.23672717359126	17.360767784813692
80300	-35.4737993628	-6.88998308114	-28.5838162817	99.42108569096231	17.854773923045723
80400	-37.2333550001	-6.89915600152	-30.3341989986	93.46956781582895	25.771828551639693
80500	-39.06917194	-6.90249063364	-32.1666813063	116.12891613534062	31.549284923418256
80600	-37.5706105503	-6.89925091935	-30.671359631	109.76616117003013	25.89752724356596
80700	-35.0230195523	-6.8810072815	-28.1420122708	101.16517971476321	13.568327618061042
80800	-38.3559279937	-6.86639588997	-31.4895321037	106.58725326301938	9.07358526029005
80900	-35.3047243802	-6.88448093745	-28.4202434428	95.89714436383834	15.017572366311493
81000	-35.8656255812	-6.89075494915	-28.9748706321	94.3136730210236	18.325921202465818
81100	-38.1644125341	-6.89566135008	-31.268751184	83.56493844598388	21.988172742296758
81200	-35.8258815199	-6.88821766519	-28.9376638548	93.2887743029512	16.85395330537831
81300	-37.7876283908	-6.89059472493	-30.8970336659	114.38370084627267	18.22627808456349
81400	-36.0734248756	-6.89010119361	-29.183323682	107.12178154016931	17.92544675200104
81500	-35.274753078	-6.87387639847	-28.4008766795	98.95245782909447	11.123548816715685
81600	-36.0663405796	-6.87375757104	-29.1925830086	94.46850879650118	11.087472461416231
81700	-35.0637430502	-6.87687965251	-28.1868633977	99.54911519000078	12.081439535755134
81800	-36.2641980701	-6.8834787414	-29.3807193287	108.41322465819484	14.577457989005614
81900	-36.3873254071	-6.89300643551	-29.4943189716	91.9139490793214	19.842518678324712
82000	-34.9860833628	-6.88070499473	-28.1053783681	100.02637882994875	13.451607127065639
82100	-36.1538932676	-6.89499275228	-29.2589005153	100.78486512457089	21.402939484795247
82200	-37.0526519019	-6.89926409	-30.1533878119	99.72744417904607	25.915094503379354
82300	-38.3578163314	-6.90274746821	-31.4550688632	105.65426646692089	32.170498820976285
82400	-36.8637139246	-6.89841076295	-29.9653031616	101.92697226033513	24.83625587185472
82500	-38.5406990534	-6.90324082357	-31.6374582298	95.16912809935694	33.484279797470904
82600	-37.5339451761	-6.90089793889	-30.6330472372	99.98374569464157	28.37560018122623
82700	-40.7019007584	-6.89066364233	-33.811237116	77.59479603015232	18.269016049603398
82800	-36.3698607	-6.89107989492	-29.4787808051	91.03588646227612	18.531105174311108
82900	-35.0408060401	-6.8784419597	-28.1623640804	98.57461400385459	12.618555173879134
83000	-35.1915943802	-6.88512915525	-28.3064652249	97.32454340734402	15.31291305944424
83100	-35.0997914727	-6.87771808332	-28.2220733894	101.51343681537053	12.366097998858082
83200	-35.691898232	-6.8732272118	-28.8186710202	96.18242820321777	10.92802194687204
83300	-36.74979161	-6.89289715715	-29.8568944528	89.60242540163313	19.763348162030283
83400	-35.8408816244	-6.89252527586	-28.9483563485	97.04825596289264	19.49852715579251
83500	-35.572579714	-6.88533245688	-28.6872472571	105.35445715539214	15.407367342603724
83600	-35.483610078	-6.88739612602	-28.5962139519	104.07017824902115	16.4203070227562
83700	-35.7624355598	-6.8902366591	-28.8721989007	104.71088338745662	18.00712252905691
83800	-37.4133188051	-6.9002660445	-30.5130527606	103.85256368178281	27.351027210568972
83900	-38.666462519	-6.89883551513	-31.7676270039	117.57072236381677	25.358719741383858
84000	-38.8750454682	-6.8981149313	-31.9769305369	118.77286648680303	24.487852709628253
84100	-36.9764551478	-6.89795993232	-30.0784952155	93.34012065053888	24.310042806251307
84200	-37.0928163591	-6.89783958535	-30.1949767738	107.82474395592942	24.17413252145567
84300	-37.9585237178	-6.90090132178	-31.057622396	109.6444215437222	28.381377823895228
84400	-38.6677473946	-6.90355377706	-31.7641936175	96.55760673315493	34.41706428075903
84500	-35.2948038832	-6.88658688553	-28.4082169976	96.95867429259755	16.010782954397676
84600	-35.5721486263	-6.8794463597	-28.6927022666	105.05877818847364	12.979751449434698
84700	-35.2625027877	-6.87933217396	-28.3831706138	103.36327809178557	12.938025241195623
84800	-36.3339428711	-6.89553357788	-29.4384092933	103.34677944998192	21.873652714250447
84900	-37.1244077626	-6.89919566619	-30.2252120964	95.6328808606363	25.82416402706885
85000	-37.064604348	-6.89901677026	-30.1655875777	95.98505472932167	25.590258457148764
85100	-35.9065289697	-6.88939978875	-29.0171291809	93.2028540210151	17.512901190010002
85200	-36.0448059253	-6.8926897909	-29.1521161344	94.5287678898913	19.614816149061056
85300	-35.005642767	-6.87870409664	-28.1269386704	99.45112404607089	12.711572401568237
85400	-35.197724279	-6.88228754523	-28.3154367338	103.09571974252144	14.078353750712573
85500	-35.4124104249	-6.88811788839	-28.5242925366	96.75983559750127	16.800272224281635
85600	-36.8212734214	-6.89790293435	-29.9233704871	95.61741105202606	24.245443536619913
85700	-36.5472431883	-6.8971177583	-29.65012543	99.73510200001773	23.395582178270352
85800	-36.7611310486	-6.89265996908	-29.8684710795	110.08643088314781	19.5936357214374
85900	-37.5343238167	-6.90014530106	-30.6341785156	92.73065719237582	27.1666556857821
86000	-37.5103448976	-6.89264376182	-30.6177011357	113.5042183145398	19.58214358155586
86100	-35.5303149665	-6.88868460209	-28.6416303644	103.67103545132326	17.109073103928086
86200	-35.0416344064	-6.88119410909	-28.1604402973	98.06990483394569	13.641153612276893
86300	-36.2197335414	-6.89143238465	-29.3283011568	107.44433415290625	18.758547677740676
86400	-35.8178725846	-6.8898477058	-28.9280248788	94.0755577181729	17.774381397340843
86500	-35.9686903369	-6.89327834462	-29.0754119923	96.53275675533888	20.042276533257294
86600	-35.957731846	-6.89215041643	-29.0655814296	94.79179635977476	19.238499199960554
86700	-35.1514809057	-6.88519436644	-28.2662865393	101.52604708698784	15.343113211683026
86800	-36.2767945398	-6.89534846245	-29.3814460773	102.8244651228373	21.710029318656936
86900	-38.5421947315	-6.90335035343	-31.638844378	101.75288143947499	33.80094066247197
87000	-38.8176226856	-6.90225074385	-31.9153719418	114.49596250628986	31.001965696255482
87100	-39.1449028133	-6.90387481741	-32.2410279959	110.60951784359015	35.47393352481165
87200	-37.684827618	-6.90069240925	-30.7841352088	106.75827821194756	28.030694726040945
87300	-36.4714016456	-6.8949820363	-29.5764196093	93.22876625674235	21.39383297459503
87400	-35.5525987844	-6.87579239814	-28.6768063862	95.63949892688542	11.723972505686202
87500	-36.2669783797	-6.89567831189	-29.3713000678	100.04036271956785	22.00347440481945
87600	-35.3326087463	-6.88824098712	-28.4443677592	98.42174258141053	16.866542434061444
87700	-36.5213020888	-6.89641904902	-29.6248830398	103.89069293727637	22.69563397962493
87800	-35.7938863859	-6.89253647877	-28.9013499071	98.30659278857388	19.50640327388715
87900	-36.4460657776	-6.89632410938	-29.5497416682	96.84536044482172	22.604197511125548
88000	-37.3131440132	-6.89968626406	-30.4134577491	105.17577453575959	26.495198294297
88100	-36.799162672	-6.89560839159	-29.9035542804	108.43077178722787	21.940547716281216
88200	-35.2911750072	-6.87402403197	-28.4171509753	101.07550082612656	11.16855284396116
88300	-37.6173372117	-6.8716398129	-30.7456973988	91.60416530705186	10.46542771778683
88400	-35.1398448694	-6.87855368182	-28.2612911876	102.23834285963987	12.65809314200193
88500	-35.0324568493	-6.88336737444	-28.1490894749	100.13977550523416	14.52972590218344
88600	-35.1865971079	-6.87585860493	-28.310738503	98.08223501477325	11.745378377696735
88700	-35.4626771703	-6.87492242225	-28.587754748	96.48372086310205	11.44686916778769
88800	-35.6773256624	-6.87536267521	-28.8019629872	104.29047818037374	11.586138076432775
88900	-36.5678013656	-6.87800160883	-29.6897997568	91.48471718711343	12.464221702569574
89000	-35.7774964635	-6.87346459011	-28.9040318734	103.86471840280304	10.999074708683352
89100	-35.3309217409	-6.87690269991	-28.454019041	103.12372360980123	12.089157090404443
89200	-35.2942390347	-6.88524241031	-28.4089966243	103.31351651146383	15.365421446655148
89300	-39.2081367027	-6.87137441838	-32.3367622843	110.43682445780493	10.390133144291005
89400	-35.6533266305	-6.88193073123	-28.7713958992	93.73172263846209	13.93357348538648
89500	-35.4538490171	-6.88747398676	-28.5663750303	95.79159333604788	16.4606082463596
89600	-35.9117161108	-6.89214973194	-29.0195663788	95.30628074351785	19.238030518707557
89700	-36.4689610472	-6.89672978885	-29.5722312583	99.30724696538819	23.000892304034913
89800	-35.2745248747	-6.8807670839	-28.3937577908	103.6458954291889	13.47547038889012
89900	-36.3734542948	-6.8909607131	-29.4824935817	108.56471106155992	18.455359146047165
90000	-38.9941703439	-6.89026887348	-32.1039014705	117.77557644334455	18.026644024438006
90100	-36.5911860862	-6.89714712904	-29.6940389571	102.20414896947818	23.42610570409563
90200	-35.1593640102	-6.88113307853	-28.2782309317	102.79350991789565	13.61730532534797
90300	-35.5446320711	-6.8738599169	-28.6707721542	102.95591670424191	11.118537181361695
90400	-36.9554566297	-6.89869961242	-30.0567570173	102.70724091328974	25.188565329189874
90500	-36.8932262077	-6.88878266716	-30.0044435405	88.39925223666525	17.163489916018936
90600	-37.2174299401	-6.89359054993	-30.3238393901	87.43923452333493	20.276669808784558
90700	-35.7074108404	-6.89082889822	-28.8165819421	103.49326279958952	18.372247000939115
90800	-36.3451339682	-6.88663082726	-29.458503141	90.5586106620774	16.032594687797765
90900	-35.3537146014	-6.8873712078	-28.4663433936	102.70493910698555	16.407443422563844
91000	-35.1913240738	-6.88664971834	-28.3046743554	99.91348601841067	16.04198646063874
91100	-36.5896445778	-6.87741836038	-29.7122262174	91.61194386952859	12.263404974472664
91200	-35.0777593587	-6.88390274987	-28.1938566089	98.42306003116896	14.761302859787707
91300	-35.9511704073	-6.8909097449	-29.0602606624	105.82722704577485	18.42314062954887
91400	-35.0101887559	-6.87908152366	-28.1311072322	100.57865888225524	12.847037629425635
91500	-35.3539619354	-6.8880502387	-28.4659116967	97.58524578543623	16.764039135656052
91600	-36.5415196285	-6.89127698817	-29.6502426403	90.17262519263771	18.657640618528866
91700	-35.4368444171	-6.88918328709	-28.54766113	97.84126989414116	17.388923953198997
91800	-35.2656226918	-6.88700935188	-28.3786133399	101.70917508546134	16.222482776908862
91900	-36.6823789921	-6.89639444362	-29.7859845484	93.34309417146049	22.671856110764033
92000	-35.3857631194	-6.88238166795	-28.5033814514	95.10967851714658	14.116896818492494
92100	-35.3618145147	-6.88880642985	-28.4730080848	99.30051528433502	17.176720642879197
92200	-36.9099801248	-6.89791637419	-30.0120637506	94.1425064296061	24.260638165912887
92300	-35.9736767419	-6.89374387179	-29.0799328701	97.95702547033999	20.39382191485351
92400	-34.9919329238	-6.87952584333	-28.1124070805	99.47364431744927	13.008899797527027
92500	-35.3699751402	-6.88835544609	-28.4816196941	101.79544790866264	16.92855796206845
92600	-35.3015270872	-6.87444947079	-28.4270776164	101.60572472283607	11.299386394258612
92700	-35.2496649397	-6.87513273611	-28.3745322036	97.92404836055582	11.513157597811725
92800	-35.679453286	-6.89177187547	-28.7876814105	100.41465403611213	18.982604227079648
92900	-35.2198089247	-6.87503621505	-28.3447727097	101.1901249988277	11.482680739803195
93000	-39.2210793079	-6.87375421766	-32.3473250902	111.5545373197409	11.086456250219912
93100	-35.8310082117	-6.89247178711	-28.9385364246	102.43166309940518	19.461007593982593
93200	-36.6705201618	-6.89004674067	-29.7804734211	110.20970361640369	17.89280266439274
93300	-35.5486111475	-6.88095367655	-28.667657471	105.20295833025962	13.547529777921977
93400	-35.6202396009	-6.88279895959	-28.7374406413	93.82283020159319	14.289589246013705
93500	-35.3104626075	-6.88818697578	-28.4222756317	99.15221414352307	16.83741133936814
93600	-37.4877118607	-6.89139426681	-30.5963175939	113.42064832464436	18.733701357002555
93700	-35.1056349423	-6.87602261693	-28.2296123254	99.62095752216514	11.798604666602147
93800	-36.1700717963	-6.885281867	-29.2847899293	108.23581749793038	15.383779686211701
93900	-35.641989678	-6.88970347661	-28.7522862014	103.97585816942406	17.689436193773957
94000	-35.2282848247	-6.88442886678	-28.3438559579	96.57836086470266	14.994222149684639
94100	-36.8638958749	-6.8695449441	-29.9943509308	94.26588041778153	9.885970900539132
94200	-35.9382049493	-6.8713524599	-29.0668524894	103.35077508336029	10.383928665932132
94300	-36.6837805699	-6.89260203223	-29.7911785377	109.68923906678516	19.552614874411876
94400	-35.960246316	-6.893828503	-29.066417813	100.18188062934799	20.459080745435617
94500	-35.5463121836	-6.87603417919	-28.6702780044	95.57642486717978	11.802367641608594
94600	-35.9680009042	-6.89226837209	-29.0757325321	104.71503473852385	19.3195945522716
94700	-35.6232823206	-6.89096264937	-28.7323196713	97.69070849507031	18.456585169891525
94800	-36.4612216371	-6.8921107411	-29.569110896	108.62127199100607	19.211369265386608
94900	-37.1700230857	-6.89669497328	-30.2733281124	89.42988964747758	22.966223685854093
95000	-35.8841909817	-6.89321282334	-28.9909781583	98.4085866511423	19.993775192216965
95100	-38.1180346184	-6.90246667104	-31.2155679474	99.60379080821917	31.49324666987243
95200	-36.676907223	-6.89758737527	-29.7793198477	97.59969453593469	23.89516104562093
95300	-37.8596309996	-6.89330149495	-30.9663295046	114.85337550674237	20.05946968295014
95400	-36.1662815427	-6.87601076042	-29.2902707822	106.26261872892793	11.794747396512541
95500	-35.9793760117	-6.89234795965	-29.0870280521	94.80073566856532	19.374685501890184
95600	-35.4457613594	-6.87692907466	-28.5688322848	103.78424951652623	12.097996143217733
95700	-35.7519405617	-6.89144036654	-28.8605001951	103.2014050288526	18.76375833038182
95800	-35.5536160908	-6.88549295569	-28.6681231351	94.32879615610223	15.482570710102275
95900	-35.6240115758	-6.89082021275	-28.733191363	97.33882623304038	18.366794807277792
96000	-35.6784361654	-6.88465942987	-28.7937767356	93.52631138420695	15.098030619601715
96100	-35.0926084504	-6.8833323617	-28.2092760887	97.81467061974323	14.51476632757395
96200	-35.1146168317	-6.8836429959	-28.2309738358	101.91889836054621	14.648276229289214
96300	-35.0976750931	-6.88479906701	-28.2128760261	100.63413832022702	15.161428690133869
96400	-35.9562558278	-6.89275924901	-29.0634965788	95.67392734200153	19.66432219066636
96500	-35.8857601775	-6.89311907602	-28.9926411014	97.88982447720812	19.92478639410059
96600	-36.2245430871	-6.88719177944	-29.3373513076	108.4731851381547	16.315301991466313
96700	-36.4100198835	-6.86723255646	-29.542787327	97.49447321656268	9.283070851355667
96800	-35.0199010085	-6.88294434432	-28.1369566642	99.41875138984489	14.350462841031703
96900	-36.9187939139	-6.89356553521	-30.0252283787	88.9448706468082	20.257685795396444
97000	-35.6898073183	-6.89125711777	-28.7985502005	97.0092473979733	18.644810846396513
97100	-35.4140574538	-6.88846436182	-28.525593092	102.41569932428638	16.987929339159376
97200	-35.8782057502	-6.882384109	-28.9958216412	106.8242172288221	14.117898404387656
97300	-35.0403847798	-6.88365050081	-28.1567342789	99.99583318551724	14.651523977933458
97400	-35.4525261732	-6.88873063696	-28.5637955363	96.87239151771213	17.134581218168393
97500	-36.0783937126	-6.88128318905	-29.1971105236	107.40338787828631	13.676064882298476
97600	-35.8273872556	-6.86934366686	-28.9580435887	99.10356598148645	9.832024190348253
97700	-35.2249528753	-6.876857071	-28.3480958043	102.3626435360649	12.073883758710453
97800	-35.9297708595	-6.89004501367	-29.0397258458	106.19192468272391	17.8917690814148
97900	-35.5224708568	-6.88390212972	-28.6385687271	105.20144259769056	14.761031483745109
98000	-35.9361748011	-6.87472512539	-29.0614496757	105.0324719712518	11.385080480410165
98100	-36.6030760896	-6.88140526173	-29.7216708278	109.08945037081425	13.72410512420662
98200	-36.4828833709	-6.86648319592	-29.616400175	98.07000909876643	9.095241090277561
98300	-37.1452993167	-6.86354718626	-30.2817521304	99.10548388109173	8.391539563872163
98400	-35.9112458191	-6.89286467223	-29.0183811469	96.56395027042568	19.73993368022092
98500	-35.0049624191	-6.87901329317	-28.1259491259	99.17720957165216	12.822412225634006
98600	-35.5496484032	-6.87115605614	-28.678492347	99.49169905542935	10.328604334163149
98700	-35.2215889393	-6.88591776585	-28.3356711734	97.4541701384087	15.684393189911257
98800	-35.8588494312	-6.88887128134	-28.9699781499	93.30452390251182	17.21291836369688
98900	-37.3642627706	-6.86712256703	-30.4971402036	94.4838914948029	9.255279737620965
99000	-35.0480096679	-6.88382649973	-28.1641831682	100.13955772234361	14.727991499494886
99100	-35.8394072926	-6.87699027961	-28.962417013	105.49682070540565	12.118538100822557
99200	-35.0699939828	-6.87895007203	-28.1910439108	101.59799055921064	12.79964876762186
99300	-36.9385633576	-6.89872542025	-30.0398379374	97.66922257896363	25.220655617335765
99400	-36.9137182251	-6.89794916208	-30.015769063	94.19015895887604	24.29780421180486
99500	-37.1949447131	-6.89857116869	-30.2963735444	92.21651102940858	25.030368169998624
99600	-35.6279352991	-6.89136976265	-28.7365655364	99.38239917395171	18.71776137257593
99700	-36.1774311218	-6.89362364407	-29.2838074778	94.35022614894453	20.301840903448053
99800	-35.2165741667	-6.87885765941	-28.3377165073	96.59677066209979	12.766467555804843
99900	-35.4788482034	-6.88878069073	-28.5900675127	102.97361541506083	17.162390255087104
